550926.644161569,199949.400503864
550926.66302955,199949.400503979
550926.66302955,199949.400503979
550926.644161569,199949.400503864
550926.644161569,199949.400503864
550926.644161569,199949.400503864
550926.66302955,199949.400503979
550926.66302955,199949.400503979
550926.66302955,199949.400503979
550926.66302955,199949.400503979
550926.66302955,199949.400503979
550926.66302955,199949.400503979
550926.68078765,199949.400504087
550926.69965563,199949.400504202
550926.718523519,199949.415525033
550926.7551496,199949.415525256
550926.791775772,199949.400504763
550926.829511642,199949.415525709
550926.86613763,199949.430546648
550926.885005526,199949.44468391
550926.921631424,199949.474725567
550927.013751479,199949.488863274
550927.069245448,199949.503884325
550927.106981318,199949.518905272
550927.180233302,199949.54806358
550927.217969264,199949.548063809
550927.273463325,199949.548064146
550927.346715216,199949.59224317
550927.384451178,199949.592243399
550927.457703162,199949.621401702
550927.513196956,199949.665580616
550927.624185078,199949.665581289
550927.698546761,199949.724781031
550927.772908802,199949.724781481
550927.846160698,199949.768960498
550927.92052247,199949.813139522
550927.976016175,199949.872339149
550928.050378041,199949.901497454
550928.142498007,199949.930655871
550928.216859782,199949.974834891
550928.272353753,199949.989855938
550928.4010998,199950.019014574
550928.494329641,199950.049056561
550928.567581627,199950.078214858
550928.641943405,199950.122393877
550928.734063371,199950.151552285
550928.808425232,199950.18159416
550928.900545109,199950.225773281
550928.993774957,199950.254931695
550929.049268844,199950.284089883
550929.104762641,199950.328268783
550929.196882602,199950.358310762
550929.28900257,199950.387469164
550929.39999043,199950.431648393
550929.493220278,199950.460806805
550929.56647226,199950.490848667
550929.640834127,199950.520006963
550929.732954097,199950.549165365
550929.826184031,199950.564186631
550929.93717189,199950.608365854
550930.048159751,199950.652545079
550930.121411823,199950.667566224
550930.21464176,199950.681703917
550930.287893743,199950.711745776
550930.381123594,199950.74090418
550930.473243563,199950.770062577
550930.584231423,199950.814241794
550930.658593289,199950.844283655
550930.750713347,199950.858421341
550930.842833311,199950.888463303
550930.953821,199950.961800365
550931.064808951,199950.990958869
550931.158038714,199951.035137978
550931.250158596,199951.079317077
550931.342278649,199951.094338329
550931.416640342,199951.153538032
550931.527628295,199951.182696531
550931.638616246,199951.211855028
550931.768472091,199951.256034346
550931.860592056,199951.286076305
550931.952712115,199951.300213981
550932.082567961,199951.344393294
550932.212423631,199951.41861402
550932.323411412,199951.476930357
550932.43439936,199951.50697242
550932.526519332,199951.536130803
550932.618639128,199951.595330595
550932.748495151,199951.609468486
550932.896109011,199951.668668601
550933.044832838,199951.712848015
550933.155820792,199951.742006501
550933.247940503,199951.816226995
550933.37779627,199951.874543426
550933.506542063,199951.948764126
550933.636397911,199951.992943423
550933.728517798,199952.037122498
550933.821747568,199952.08130158
550933.913867455,199952.125480653
550934.04372305,199952.213838486
550934.172469019,199952.258017767
550934.302325041,199952.272155648
550934.37668683,199952.316334614
550934.468806547,199952.390555091
550934.560926185,199952.478912695
550934.727408203,199952.508071483
550934.838396159,199952.537229955
550934.931626011,199952.56727189
550935.023745902,199952.611450954
550935.134733773,199952.655630123
550935.245721565,199952.713946423
550935.393335684,199952.728967966
550935.559817618,199952.773147446
550935.653047306,199952.832347211
550935.781793114,199952.905684306
550935.967142864,199952.979021721
550936.114756818,199953.023201086
550936.189118526,199953.082400738
550936.28123842,199953.126579787
550936.41109436,199953.155738349
550936.522082235,199953.199917503
550936.651938007,199953.259117465
550936.799551878,199953.318317522
550936.929407655,199953.376633905
550937.040395448,199953.435833753
550937.169141339,199953.495033698
550937.298997197,199953.539212951
550937.391117013,199953.597529119
550937.52097295,199953.627571238
550937.631960912,199953.656729683
550937.742948789,199953.700908825
550937.90943073,199953.745088274
550938.057044772,199953.77424692
550938.168032813,199953.789268235
550938.31675657,199953.848468278
550938.427744531,199953.877626718
550938.556490511,199953.921805949
550938.705214351,199953.965985291
550938.816202232,199954.010164423
550938.94494821,199954.054343653
550939.074804073,199954.098522886
550939.204659934,199954.142702119
550939.352273895,199954.186881445
550939.499887939,199954.216040078
550939.610875821,199954.260219203
550939.721863702,199954.304398325
550939.851719565,199954.348577552
550939.981575344,199954.407777469
550940.110321244,199954.466977376
550940.221308967,199954.540314311
550940.351164913,199954.569472836
550940.481020695,199954.628672748
550940.573140596,199954.67285176
550940.739622461,199954.732051865
550940.869478248,199954.7903682
550940.961597988,199954.864588591
550941.053717892,199954.908767595
550941.183573599,199954.982104616
550941.331187484,199955.04130461
550941.442175214,199955.114641525
550941.553162941,199955.187978437
550941.664150666,199955.262198919
550941.775138477,199955.320515138
550941.904994265,199955.379715027
550942.052608154,199955.438915009
550942.182463865,199955.512252015
550942.274583693,199955.571451693
550942.367813405,199955.629767809
550942.496559159,199955.718125489
550942.626414869,199955.792346056
550942.737402448,199955.894840756
550942.829522278,199955.954040429
550942.940510015,199956.02737732
550943.033739726,199956.086576995
550943.162485564,199956.159913974
550943.292341204,199956.248271645
550943.403329016,199956.307471409
550943.47769075,199956.366670979
550943.56981043,199956.455028446
550943.680798092,199956.543386009
550943.791785682,199956.645880686
550943.866147264,199956.734238051
550943.958267021,199956.808458394
550944.050386633,199956.910952966
550944.1436162,199956.999310426
550944.254603791,199957.102688663
550944.346723478,199957.191046113
550944.438843318,199957.250245758
550944.513204907,199957.338603113
550944.605324524,199957.441097673
550944.679685964,199957.559496394
550944.754047484,199957.661990859
550944.846167025,199957.780389666
550944.920528697,199957.853726327
550944.993780412,199957.942083666
550945.087009914,199958.045461788
550945.197997593,199958.133819314
550945.290117221,199958.236313858
550945.364478968,199958.295513397
550945.437730612,199958.39889141
550945.530960196,199958.487248839
550945.604211772,199958.604763961
550945.697441282,199958.70814207
550945.770692936,199958.810636508
550945.863922522,199958.898993929
550945.937174174,199959.00237193
550946.048161791,199959.105750116
550946.141391381,199959.194107528
550946.214643111,199959.282464844
550946.289004722,199959.370822162
550946.381124365,199959.473316677
550946.436617851,199959.591715264
550946.510979325,199959.709230371
550946.603098899,199959.82674556
550946.658592463,199959.930123458
550946.732954008,199960.033501448
550946.825073587,199960.151016632
550946.918303051,199960.268531819
550946.99155479,199960.356889113
550947.047048433,199960.445246324
550947.121409985,199960.548624302
550947.176903491,199960.666139299
550947.251264975,199960.784537958
550947.324516654,199960.887032356
550947.398878212,199960.990410329
550947.454371723,199961.10792532
550947.546491314,199961.226324053
550947.639720862,199961.328818537
550947.731840595,199961.417175904
550947.806202229,199961.505533185
550947.879453915,199961.608911142
550947.953815416,199961.726426208
550948.028176916,199961.844824846
550948.101428609,199961.947319225
550948.175790248,199962.035676498
550948.25015182,199962.13905445
550948.342271494,199962.242432479
550948.434391174,199962.344926936
550948.527620731,199962.448304966
550948.600872427,199962.551682905
550948.656366092,199962.640040084
550948.749595522,199962.772575893
550948.805089191,199962.860933069
550948.897208743,199962.993468868
550948.971570394,199963.081826125
550949.027064002,199963.184320403
550949.119183691,199963.287698413
550949.211303378,199963.391076418
550949.304533014,199963.479433751
550949.360026627,199963.581928022
550949.433278403,199963.670285264
550949.507639996,199963.773663184
550949.58200159,199963.877041101
550949.655253243,199963.994556121
550949.729614905,199964.08291336
550949.803976503,199964.186291273
550949.896096206,199964.288785693
550949.970457807,199964.392163602
550950.062577573,199964.48052091
550950.136939241,199964.568878141
550950.210190962,199964.672256039
550950.284552632,199964.760613266
550950.35891418,199964.878128271
550950.451033887,199964.981506245
550950.52539556,199965.069863467
550950.598647352,199965.158220683
550950.673008967,199965.260715006
550950.76512868,199965.364092971
550950.858358275,199965.467470939
550950.931610072,199965.555828146
550950.987103711,199965.658322383
550951.08033331,199965.761700346
550951.153584988,199965.879215328
550951.246814529,199965.997613958
550951.320066394,199966.070950486
550951.413295999,199966.174328435
550951.505415783,199966.262685711
550951.59753563,199966.336022309
550951.70852334,199966.439400326
550951.782885026,199966.527757521
550951.857246716,199966.616114716
550951.949366451,199966.718609081
550952.041486181,199966.821987013
550952.115847813,199966.925364872
550952.207967606,199967.01372213
550952.301197283,199967.10207939
550952.374449096,199967.190436569
550952.485436875,199967.278793895
550952.578666499,199967.38128825
550952.689654277,199967.469645572
550952.762906036,199967.573023413
550952.856135718,199967.661380661
550952.948255407,199967.778895673
550953.040375209,199967.867252913
550953.133604895,199967.955610154
550953.225724754,199968.029830287
550953.317844559,199968.118187521
550953.411074247,199968.206544757
550953.503194001,199968.309039086
550953.595313809,199968.397396313
550953.669675518,199968.485753471
550953.761795329,199968.574110695
550953.855024965,199968.677488588
550953.94714472,199968.780866477
550954.039264481,199968.883360793
550954.132494285,199968.942560245
550954.224614157,199969.01589679
550954.316734025,199969.090116902
550954.40996378,199969.16345345
550954.502083653,199969.23678999
550954.576445423,199969.311010033
550954.668565243,199969.399367238
550954.742926963,199969.487724373
550954.816178857,199969.56106084
550954.909408561,199969.649418041
550955.001528438,199969.722754574
550955.093648314,199969.796974671
550955.186878019,199969.885331869
550955.297865934,199969.943647798
550955.408853794,199970.017867958
550955.482105747,199970.076183747
550955.575335506,199970.15040384
550955.66745539,199970.223740361
550955.759575271,199970.29707688
550955.87056303,199970.40045479
550955.963792846,199970.459654215
550956.05591273,199970.532990727
550956.166900545,199970.621347967
550956.277888462,199970.680547449
550956.370008402,199970.738863293
550956.444370239,199970.798062639
550956.518731973,199970.886419746
550956.629719845,199970.959756314
550956.702971751,199971.033976319
550956.796201469,199971.122333484
550956.869453431,199971.180649256
550956.9626832,199971.254869324
550957.054803092,199971.328205818
550957.146922985,199971.401542313
550957.257910808,199971.48989953
550957.351140632,199971.549098932
550957.406600000,199971.74790000
550957.46210000,199971.94670000
550957.51760000,199972.14550000
550957.573114201,199972.344311191
550957.665234103,199972.417647668
550957.776221983,199972.491867773
550957.868341838,199972.580224909
550957.94270369,199972.638540664
550958.034823592,199972.712760705
550958.128053428,199972.771076515
550958.256799366,199972.859433762
550958.350029249,199972.90361248
550958.461017184,199972.962811914
550958.553137091,199973.036148376
550958.627498945,199973.095347689
550958.738486835,199973.168684211
550958.830606696,199973.257041329
550958.922726603,199973.331261352
550959.015956346,199973.41961847
550959.126944241,199973.492954982
550959.237932086,199973.581312152
550959.366678127,199973.640511625
550959.459908013,199973.684690331
550959.552027927,199973.758026774
550959.644147842,199973.83136322
550959.755135692,199973.919720381
550959.848365486,199973.993940392
550959.959353338,199974.082297548
550960.070341238,199974.155634045
550960.162461155,199974.22897048
550960.273449054,199974.303190539
550960.384436956,199974.376527028
550960.495424857,199974.449863518
550960.569786722,199974.509062804
550960.661906642,199974.58239923
550960.754026561,199974.656619223
550960.86501442,199974.74497636
550960.958244271,199974.80329213
550961.069232131,199974.891649263
550961.142484116,199974.95084854
550961.253472025,199975.024185011
550961.346701829,199975.098404996
550961.457689782,199975.156720814
550961.530941682,199975.245077825
550961.624171489,199975.319297806
550961.716291417,199975.392634214
550961.790653202,199975.480991223
550961.863905192,199975.540190487
550961.957135004,199975.613526893
550962.049254936,199975.686863298
550962.141374823,199975.775220352
550962.252362824,199975.819399067
550962.363350779,199975.878598434
550962.47433878,199975.922777146
550962.567568594,199975.996113543
550962.678556552,199976.055312908
550962.770676487,199976.128649301
550962.881664403,199976.202869311
550962.97378434,199976.276205696
550963.067014198,199976.335405004
550963.178002161,199976.393720792
550963.270122096,199976.467940741
550963.399978041,199976.526256577
550963.492098064,199976.570435223
550963.584218001,199976.644655171
550963.695205965,199976.702970948
550963.806193928,199976.762170293
550963.899423791,199976.82136959
550964.010411756,199976.879685362
550964.121399763,199976.923864054
550964.213519745,199976.983063339
550964.324507708,199977.042262677
550964.435495758,199977.071420715
550964.546483721,199977.13062005
550964.638603708,199977.188935765
550964.731833617,199977.233114401
550964.842821583,199977.292313729
550964.953809549,199977.351513058
550965.064797519,199977.409828819
550965.156917545,199977.454007445
550965.267905515,199977.51320677
550965.378893523,199977.557385446
550965.508749473,199977.616584819
550965.637495584,199977.660763541
550965.730725493,199977.704942164
550965.841713466,199977.763257915
550965.933833455,199977.82245718
550966.063689448,199977.866635895
550966.155809437,199977.92583516
550966.247929467,199977.970013774
550966.341159377,199978.014192393
550966.469905453,199978.07250818
550966.599761485,199978.102549813
550966.710749537,199978.131707829
550966.821737549,199978.17588649
550966.932725563,199978.220065147
550967.062581558,199978.264243855
550967.173569531,199978.323443153
550967.265689527,199978.381758838
550967.376677541,199978.425937489
550967.487665592,199978.455979066
550967.598653606,199978.500157717
550967.728509602,199978.544336417
550967.857255757,199978.573494469
550967.950485711,199978.602652426
550968.061473727,199978.646831074
550968.172461779,199978.676872644
550968.283449758,199978.735188364
550968.412195876,199978.779367052
550968.523183892,199978.823545695
550968.634171907,199978.867724335
550968.745159962,199978.8977659
550968.893883943,199978.941944633
550969.022630098,199978.971102675
550969.152486098,199979.01528136
550969.263474115,199979.059459994
550969.374462133,199979.103638629
550969.504318134,199979.147817308
550969.633064291,199979.176975346
550969.744052272,199979.236174614
550969.873908311,199979.265332651
550969.984896366,199979.295374206
550970.132510468,199979.339552925
550970.262366507,199979.368710959
550970.3733546,199979.383731872
550970.484342618,199979.427910494
550970.614198622,199979.472089162
550970.742944742,199979.516267828
550970.872800745,199979.560446494
550970.983788804,199979.589604475
550971.113644844,199979.618762504
550971.242390966,199979.662941163
550971.391114987,199979.6929828
550971.519861145,199979.722140821
550971.649717186,199979.751298844
550971.760705243,199979.781340387
550971.871693302,199979.81049836
550972.001549307,199979.854677014
550972.13029543,199979.898855669
550972.260151471,199979.928013685
550972.371139495,199979.972192292
550972.500995534,199980.002233872
550972.629741658,199980.04641252
550972.759597736,199980.060549901
550972.870585795,199980.090591433
550972.981573819,199980.134770035
550973.092561878,199980.163928001
550973.222417886,199980.208106644
550973.351164047,199980.237264651
550973.499888037,199980.281443338
550973.610876062,199980.325621932
550973.72186412,199980.355663459
550973.86947823,199980.399842137
550973.999334272,199980.429000144
550974.128080435,199980.458158142
550974.239068462,199980.50233673
550974.368924471,199980.546515364
550974.498780513,199980.57655693
550974.627526607,199980.634872622
550974.738514667,199980.664914141
550974.868370678,199980.70909277
550974.979358705,199980.753271351
550975.126972851,199980.782429386
550975.256828895,199980.81158738
550975.367816993,199980.826608265
550975.478805054,199980.855766213
550975.589793049,199980.914965419
550975.719649095,199980.944123407
550975.848395226,199980.988302023
550975.978251269,199981.018343577
550976.089239332,199981.047501523
550976.219095344,199981.091680136
550976.366709491,199981.120838161
550976.514323606,199981.165016811
550976.644179685,199981.180037732
550976.75516778,199981.195058611
550976.86615578,199981.253374238
550976.996011824,199981.283415784
550977.12475799,199981.31257376
550977.235745989,199981.371772946
550977.365602002,199981.41595155
550977.476590069,199981.445109484
550977.624204151,199981.504308749
550977.772928146,199981.548487388
550977.883916213,199981.577645319
550977.994904278,199981.606803251
550978.105892312,199981.650981803
550978.234638445,199981.695160396
550978.345626447,199981.754359568
550978.475482463,199981.798538158
550978.586470497,199981.842716707
550978.697458499,199981.901915878
550978.845072617,199981.946094502
550978.956060718,199981.960231802
550979.067048721,199982.019430966
550979.196904738,199982.06360955
550979.307892774,199982.10778809
550979.437748761,199982.166987292
550979.548736796,199982.211165831
550979.677482935,199982.255344405
550979.807338953,199982.299522982
550979.937194971,199982.343701556
550980.065941111,199982.387880128
550980.214665146,199982.417038119
550980.325653245,199982.432058973
550980.436641283,199982.476237504
550980.565387422,199982.520416067
550980.695243442,199982.564594635
550980.825099463,199982.608773202
550980.953845603,199982.652951763
550981.064833643,199982.697130288
550981.194689664,199982.741308848
550981.342303818,199982.770466827
550981.472159901,199982.785487713
550981.583147971,199982.814645614
550981.694136012,199982.858824134
550981.823992035,199982.903002688
550981.952738176,199982.947181242
550982.063726187,199983.006380371
550982.193582242,199983.035538308
550982.304570252,199983.094737434
550982.434426307,199983.123895367
550982.56317245,199983.168073911
550982.693028504,199983.197231841
550982.804016577,199983.2272733
550982.915004618,199983.271451805
550983.025992661,199983.315630309
550983.155848717,199983.344788235
550983.284594861,199983.388966774
550983.395582904,199983.433145275
550983.52543893,199983.477323814
550983.655294927,199983.536522962
550983.784041103,199983.565680883
550983.932765113,199983.609859453
550984.043753186,199983.639017334
550984.154741231,199983.683195827
550984.283487377,199983.727374353
550984.413343405,199983.771552883
550984.543199404,199983.830752023
550984.65418748,199983.859909899
550984.782933628,199983.90408842
550984.912789656,199983.948266944
550985.042645713,199983.978308417
550985.190259901,199983.992445747
550985.301247975,199984.022487186
550985.412236023,199984.066665667
550985.542092051,199984.110844186
550985.670838201,199984.155022698
550985.800694232,199984.199201214
550985.911682308,199984.228359078
550986.041538311,199984.287558203
550986.170284489,199984.316716099
550986.300140549,199984.345873998
550986.429996608,199984.375915464
550986.540984656,199984.420093935
550986.669730779,199984.478409482
550986.780718831,199984.52258795
550986.910574863,199984.566766452
550987.040430896,199984.610944954
550987.151418946,199984.65512342
550987.280165099,199984.699301916
550987.391153148,199984.74348038
550987.52100921,199984.773521831
550987.650865271,199984.802679718
550987.761853323,199984.846858179
550987.853973393,199984.891036602
550987.9838294,199984.950235699
550988.112575555,199984.994414188
550988.223563606,199985.038592639
550988.334551659,199985.082771093
550988.445539713,199985.126949546
550988.575395775,199985.156107423
550988.705251839,199985.185265303
550988.85286603,199985.200286171
550988.963854109,199985.229444013
550989.074842165,199985.273622461
550989.222456302,199985.31780097
550989.35231234,199985.361979446
550989.463300421,199985.39202085
550989.593156484,199985.421178721
550989.721902641,199985.465357194
550989.851758704,199985.494515061
550989.981614768,199985.524556496
550990.110360952,199985.553714361
550990.221349034,199985.582872193
550990.332337091,199985.627050629
550990.462193129,199985.671229094
550990.609807295,199985.701270553
550990.720795351,199985.745448985
550990.831783434,199985.774606812
550990.9616395,199985.803764673
550991.091495541,199985.847943134
550991.220241724,199985.877984555
550991.368965798,199985.892121843
550991.497712007,199985.907142663
550991.590941965,199985.951321056
550991.738556107,199985.995499542
550991.868412149,199986.039677994
550991.997158283,199986.098877043
550992.12701435,199986.128034895
550992.256870393,199986.172213343
550992.385616553,199986.216391788
550992.515472622,199986.245549636
550992.663086789,199986.275591079
550992.756316798,199986.289728265
550992.885062934,199986.348927307
550993.014919003,199986.378085149
550993.144775047,199986.422263588
550993.273521209,199986.466442027
550993.403377253,199986.510620463
550993.550991423,199986.540661896
550993.680847492,199986.569819735
550993.81070356,199986.598977573
550993.939449725,199986.643156005
550994.05043781,199986.673197373
550994.180293832,199986.731512835
550994.291281896,199986.775691232
550994.438896065,199986.805732659
550994.56875209,199986.864048114
550994.679740175,199986.894089481
550994.790728239,199986.938267871
550994.938342387,199986.982446323
550995.068198459,199987.01160415
550995.215812631,199987.040762004
550995.326800718,199987.070803363
550995.437788807,199987.099961159
550995.567644878,199987.129118982
550995.697500927,199987.173297399
550995.808489014,199987.203338752
550995.937235205,199987.232496574
550996.067091277,199987.261654393
550996.196947325,199987.305832801
550996.325693515,199987.335874183
550996.436681627,199987.350011378
550996.547669694,199987.394189756
550996.65865776,199987.438368134
550996.788513811,199987.482546538
550996.918369839,199987.541745531
550997.047116008,199987.585923932
550997.158104099,199987.615081714
550997.287960127,199987.674280703
550997.41781618,199987.7184591
550997.565430377,199987.733479908
550997.676418466,199987.762637685
550997.806274541,199987.791795492
550997.917262611,199987.835973856
550998.064876741,199987.895172862
550998.212490896,199987.939351277
550998.323478989,199987.96850905
550998.453335042,199988.012687437
550998.564323133,199988.042728774
550998.711937288,199988.086907183
550998.841793364,199988.116064978
550998.952781456,199988.145222749
550999.063769549,199988.17526408
550999.17475762,199988.219442435
550999.322371776,199988.263620838
550999.45222783,199988.307799214
550999.563215904,199988.351977563
550999.69307198,199988.381135352
550999.785192091,199988.41029309
550999.932806268,199988.440334464
551000.081530306,199988.484512863
551000.210276503,199988.513670647
551000.321264597,199988.542828403
551000.451120654,199988.587006772
551000.58097671,199988.63118514
551000.709722866,199988.690384085
551000.839578945,199988.719541865
551000.969435001,199988.763720228
551001.080423077,199988.807898563
551001.209169255,199988.852076922
551001.357893314,199988.882118284
551001.486639511,199988.911276058
551001.597627607,199988.940433807
551001.708615684,199988.984612135
551001.838471742,199989.02879049
551001.968327821,199989.058831824
551002.097074,199989.103010175
551002.226930079,199989.132167944
551002.337918195,199989.147188668
551002.467774255,199989.191367015
551002.615388417,199989.235545385
551002.745244517,199989.249682569
551002.892858698,199989.27972392
551003.003846775,199989.323902239
551003.151460939,199989.368080602
551003.262449037,199989.397238341
551003.373437134,199989.426396075
551003.484425214,199989.470574388
551003.595413293,199989.514752702
551003.725269357,199989.558931036
551003.855125419,199989.603109371
551003.966113498,199989.647287679
551004.094859661,199989.706486586
551004.205847724,199989.765685469
551004.335703769,199989.824000809
551004.446691852,199989.868179114
551004.576547916,199989.912357438
551004.668668033,199989.942398705
551004.798524097,199989.986577027
551004.927270264,199990.04489236
551005.05712633,199990.089070679
551005.186982378,199990.148269572
551005.315728546,199990.207468465
551005.445584613,199990.251646777
551005.556572695,199990.29582507
551005.667560778,199990.34000336
551005.797416864,199990.369161097
551005.908404964,199990.398318811
551006.037151152,199990.442497118
551006.167007221,199990.486675427
551006.296863271,199990.545874306
551006.407851358,199990.590052589
551006.518839409,199990.663388455
551006.647585598,199990.707566755
551006.758573651,199990.78178618
551006.88842972,199990.825964478
551006.999417824,199990.855122182
551007.091537928,199990.899300436
551007.202525999,199990.958499282
551007.332382055,199991.016814585
551007.479996212,199991.076013467
551007.590984285,199991.135212308
551007.684214241,199991.208548136
551007.795202299,199991.281883983
551007.923948459,199991.356103409
551008.053804502,199991.429439267
551008.164792576,199991.4886381
551008.256912655,199991.56197392
551008.405636668,199991.650330364
551008.534382832,199991.723666214
551008.645370911,199991.782865037
551008.738600857,199991.87122142
551008.811852957,199991.94455721
551008.922841006,199992.032913605
551009.016070942,199992.136290549
551009.127059009,199992.209626372
551009.255805178,199992.283845769
551009.330167148,199992.372202121
551009.441155203,199992.460558505
551009.552143273,199992.533894318
551009.663131331,199992.622250697
551009.755251419,199992.695586489
551009.848481389,199992.769805842
551009.94060144,199992.887319773
551010.014963403,199992.990696678
551010.125951453,199993.093190049
551010.218071533,199993.181546399
551010.310191615,199993.269902747
551010.403421579,199993.358259094
551010.514409644,199993.446615451
551010.606529739,199993.520834791
551010.698649813,199993.623328136
551010.773011785,199993.726705022
551010.865131861,199993.830081925
551010.958361831,199993.918438258
551011.05048191,199994.020931591
551011.124843899,199994.109287911
551011.21696399,199994.197644239
551011.291325969,199994.301021116
551011.383446053,199994.404398006
551011.475566137,199994.506891329
551011.531060156,199994.581110622
551011.605422142,199994.68360393
551011.697542229,199994.786980812
551011.79077219,199994.90449469
551011.864024308,199994.992850991
551011.957254281,199995.096227864
551012.012748298,199995.184584151
551012.104868383,199995.302098022
551012.19698848,199995.40547489
551012.290218466,199995.493831193
551012.36347058,199995.597208045
551012.418964595,199995.699701324
551012.493326593,199995.803078175
551012.567688587,199995.920592021
551012.6409407,199996.038989431
551012.715302703,199996.141482712
551012.770796724,199996.244859542
551012.82629074,199996.362373374
551012.918410842,199996.480770783
551012.973904869,199996.583264051
551013.048266871,199996.701661445
551013.084892918,199996.804154701
551013.140386942,199996.922552089
551013.195880967,199997.040065909
551013.251374994,199997.15757973
551013.325737006,199997.275977117
551013.38123104,199997.378470373
551013.436725068,199997.51100475
551013.492219103,199997.629402124
551013.547713139,199997.746915937
551013.584339193,199997.864429741
551013.622075133,199997.967806549
551013.677569173,199998.085320357
551013.695327249,199998.203717718
551013.750821289,199998.336252083
551013.769689249,199998.468786439
551013.806315314,199998.57127968
551013.844051259,199998.703814036
551013.880677327,199998.822211398
551013.917303397,199998.939725192
551013.936171367,199999.043101989
551013.955039338,199999.16061578
551013.972797428,199999.278129573
551013.991665401,199999.410663924
551014.010533376,199999.543198276
551014.01053337,199999.661595628
551014.028291469,199999.779109416
551014.028291467,199999.896623206
551014.047159449,200000.029157557
551014.04715945,200000.161691905
551014.047159454,200000.280089254
551014.028291476,200000.412623606
551014.028291482,200000.515116835
551014.028291491,200000.647651183
551014.0105334,200000.780185533
551014.010533412,200000.898582885
551014.010533428,200001.031117236
551014.010533445,200001.163651585
551014.010533465,200001.296185934
551014.028291587,200001.413699721
551013.991665518,200001.517076521
551013.991665543,200001.649610868
551013.972797585,200001.767124665
551013.972797608,200001.870501457
551013.955039533,200001.988015249
551013.936171583,200002.120549606
551013.917303627,200002.223926403
551013.89954556,200002.356460759
551013.880677612,200002.473974556
551013.880677657,200002.621529468
551013.84405161,200002.739043272
551013.806315682,200002.856557077
551013.769689645,200002.989091442
551013.750821709,200003.121625802
551013.733063654,200003.240023165
551013.71419573,200003.386694525
551013.6953278,200003.519228886
551013.677569749,200003.63762625
551013.65870183,200003.78429761
551013.639833903,200003.902694976
551013.603207874,200004.020208789
551013.566581847,200004.137722604
551013.528845947,200004.270256976
551013.492219932,200004.402791354
551013.455593926,200004.550346293
551013.417858033,200004.682880672
551013.362364031,200004.800394502
551013.325738033,200004.947949445
551013.289112027,200005.080483827
551013.270244118,200005.197997639
551013.233618107,200005.316395023
551013.195882227,200005.448929411
551013.140388237,200005.56644325
551013.10376224,200005.698977638
551013.067136247,200005.831512029
551013.029400364,200005.949025855
551012.992774365,200006.06742325
551012.937280405,200006.214094655
551012.918412521,200006.346629037
551012.862918567,200006.494184007
551012.807424593,200006.611697857
551012.770798602,200006.730095256
551012.715304654,200006.876766672
551012.678678667,200006.995164073
551012.640942826,200007.141835474
551012.623184826,200007.260232861
551012.567690875,200007.392767282
551012.548822997,200007.510281111
551012.512197021,200007.627794954
551012.474461175,200007.760329362
551012.456703184,200007.878726753
551012.418967331,200007.996240601
551012.363473391,200008.128775029
551012.326847421,200008.246288879
551012.29022147,200008.378823292
551012.271353607,200008.49722069
551012.234727642,200008.614734541
551012.196991815,200008.747268957
551012.179233854,200008.879803356
551012.141498014,200008.997317211
551012.104872057,200009.11571463
551012.068246103,200009.233228488
551012.030510268,200009.350742346
551011.993884317,200009.469139768
551011.957258366,200009.586653629
551011.938390537,200009.719188032
551011.882896625,200009.851722482
551011.84627068,200009.969236347
551011.827402874,200010.116791315
551011.790776951,200010.249325746
551011.753041115,200010.35270261
551011.716415214,200010.499374046
551011.660921296,200010.617771499
551011.624295362,200010.73528537
551011.586559587,200010.882840369
551011.568801641,200011.000354219
551011.494439746,200011.117868144
551011.475571941,200011.250402556
551011.438946035,200011.382936997
551011.383452132,200011.501334463
551011.34682623,200011.633868907
551011.291332349,200011.766403374
551011.235838427,200011.868896717
551011.161476564,200012.00143122
551011.124850653,200012.119828666
551011.069356757,200012.237342576
551011.031620965,200012.354856464
551010.9949951,200012.502411482
551010.958369216,200012.634945934
551010.920633408,200012.738322824
551010.865139496,200012.840816177
551010.809645658,200012.988371229
551010.754151774,200013.105885152
551010.736393861,200013.224282577
551010.698658106,200013.356817039
551010.662032187,200013.459310371
551010.606538358,200013.60686543
551010.569912491,200013.739399894
551010.569912687,200013.856913731
551010.532176943,200013.9894482
551010.476683075,200014.107845696
551010.440057216,200014.240380164
551010.384563351,200014.3578941
551010.365695597,200014.49042854
551010.329069744,200014.622963011
551010.273575859,200014.726339947
551010.236950036,200014.873011426
551010.199214307,200015.005545905
551010.162588438,200015.123943378
551010.12596254,200015.226436723
551010.07046869,200015.34483423
551010.014974867,200015.477368748
551009.940613064,200015.6099033
551009.921745274,200015.712396615
551009.866251431,200015.830794131
551009.810757558,200015.933287519
551009.755263775,200016.08084261
551009.718637948,200016.2133771
551009.682012065,200016.316754017
551009.644276362,200016.44928851
551009.588782526,200016.566802472
551009.533288693,200016.684316437
551009.477794864,200016.802713963
551009.422301034,200016.92022793
551009.385675221,200017.052762427
551009.330181394,200017.170276398
551009.274687601,200017.302810939
551009.238061794,200017.43534544
551009.200326076,200017.55374294
551009.182568224,200017.671256836
551009.127074439,200017.803791378
551009.071580658,200017.936325927
551009.016086843,200018.053839908
551008.978351198,200018.201394988
551008.960593355,200018.318908887
551008.905099614,200018.466464009
551008.867363943,200018.598998524
551008.84960614,200018.731532997
551008.811870474,200018.864067514
551008.79411264,200018.981581416
551008.738618875,200019.114115978
551008.683125081,200019.232513531
551008.645389423,200019.365048055
551008.627631631,200019.497582531
551008.572137875,200019.630117099
551008.516644085,200019.747631096
551008.478908435,200019.880165622
551008.44228267,200020.01270015
551008.405656903,200020.145234676
551008.350163121,200020.262748681
551008.294669415,200020.410303825
551008.239175602,200020.513680827
551008.20144,200020.660352368
551008.145946227,200020.778749944
551008.109320438,200020.896263907
551008.053826665,200021.013777921
551008.034959019,200021.146312413
551007.998333273,200021.278846951
551007.979465593,200021.397244437
551007.92397179,200021.499737885
551007.868478105,200021.647293049
551007.831852328,200021.76480702
551007.795226592,200021.897341566
551007.776358921,200022.015739055
551007.739733189,200022.148273603
551007.701997497,200022.250767011
551007.665371809,200022.398322131
551007.646504143,200022.515836062
551007.609878339,200022.61921303
551007.554384592,200022.736727063
551007.517758871,200022.869261618
551007.462265129,200022.987659216
551007.443397515,200023.120193722
551007.406771757,200023.237707708
551007.369036121,200023.355221695
551007.332410411,200023.487756256
551007.295784703,200023.620290815
551007.276917096,200023.752825325
551007.258049453,200023.871222827
551007.221423707,200023.988736816
551007.165929979,200024.106250864
551007.110436296,200024.238785486
551007.091568746,200024.386340573
551007.054943007,200024.503854567
551006.999449289,200024.622252183
551006.962823599,200024.754786753
551006.925087984,200024.872300756
551006.888462296,200025.00483533
551006.869594626,200025.108212267
551006.814100913,200025.225726327
551006.777475233,200025.358260902
551006.740849507,200025.475774907
551006.685355847,200025.608309543
551006.66648832,200025.755864641
551006.629862601,200025.873378647
551006.574368948,200026.005913289
551006.555501335,200026.124310805
551006.536633771,200026.256845334
551006.500008057,200026.374359346
551006.463382347,200026.491873358
551006.407888704,200026.624408007
551006.352395015,200026.742805644
551006.333527461,200026.875340178
551006.296901806,200027.007874768
551006.259166222,200027.125388791
551006.203672589,200027.257923445
551006.167046941,200027.390458039
551006.130421243,200027.507972062
551006.09268567,200027.626369652
551006.056059978,200027.743883676
551005.981698371,200027.876418402
551005.945072681,200027.993932429
551005.908447042,200028.12646703
551005.852953378,200028.244864687
551005.815217812,200028.362378721
551005.741966097,200028.494913452
551005.704230534,200028.612427489
551005.68647289,200028.74496203
551005.667605317,200028.863359568
551005.612111608,200028.965853094
551005.556618055,200029.113408347
551005.5011244,200029.230922453
551005.464498783,200029.363457067
551005.426763236,200029.481854674
551005.371269587,200029.599368784
551005.334644029,200029.746923976
551005.315776469,200029.864437957
551005.298018845,200029.996972508
551005.223657167,200030.10034968
551005.187031509,200030.217863728
551005.149296082,200030.365418929
551005.112670427,200030.482932979
551005.057176847,200030.615467675
551005.020551253,200030.748002304
551004.982815722,200030.865516362
551004.927322095,200030.983914047
551004.909564542,200031.130585622
551004.890697056,200031.263120184
551004.835203436,200031.381517878
551004.798577853,200031.514052512
551004.743084289,200031.646587222
551004.705348772,200031.764101285
551004.687591178,200031.896635851
551004.649855723,200032.029170494
551004.594362108,200032.146684631
551004.576604521,200032.279219201
551004.557737113,200032.42677435
551004.538869647,200032.559308925
551004.50224397,200032.662685979
551004.483376449,200032.780199978
551004.427882906,200032.912734699
551004.391257347,200033.045269346
551004.372389953,200033.192824501
551004.335764398,200033.325359151
551004.299138787,200033.442873225
551004.261403356,200033.575407884
551004.224777869,200033.722963113
551004.205910425,200033.855497694
551004.169284759,200033.957991195
551004.113791116,200034.061368339
551004.058297592,200034.193903074
551004.039430156,200034.326437661
551004.002804556,200034.443951745
551003.94731104,200034.576486482
551003.910685448,200034.694884133
551003.872950039,200034.827418801
551003.855192553,200034.974090402
551003.836325069,200035.092487976
551003.799699482,200035.210002066
551003.761964015,200035.327516161
551003.725338496,200035.46005083
551003.669844995,200035.59258558
551003.65097758,200035.725120175
551003.595484023,200035.843517914
551003.558858446,200035.961032011
551003.503364954,200036.09356677
551003.466739446,200036.226101446
551003.466740025,200036.358635962
551003.429004514,200036.462013051
551003.373510962,200036.579527238
551003.318017478,200036.712061999
551003.262523932,200036.829576187
551003.225898373,200036.947973855
551003.18927288,200037.080508539
551003.133779339,200037.198022731
551003.096043966,200037.330557423
551003.07828646,200037.463092026
551003.040551026,200037.580606144
551002.985057496,200037.699003902
551002.948432013,200037.831538596
551002.892938482,200037.949052794
551002.837444953,200038.066566996
551002.818577647,200038.21412219
551002.781952104,200038.331636308
551002.726458514,200038.435013494
551002.689833045,200038.567548197
551002.652097901,200038.744261078
551002.634340418,200038.876795691
551002.596605003,200038.99430982
551002.541111494,200039.112707596
551002.504486033,200039.245242301
551002.467860505,200039.362756427
551002.448993151,200039.49529105
551002.430125727,200039.612805091
551002.374632293,200039.745339893
551002.319138862,200039.877874693
551002.301381398,200040.010409316
551002.263646003,200040.128807016
551002.227020414,200040.231300568
551002.190394973,200040.363835285
551002.152659653,200040.496370006
551002.116034288,200040.643925305
551002.079408854,200040.776460023
551002.041673465,200040.893974168
551002.00504811,200041.041529471
551001.96842268,200041.174064193
551001.94955543,200041.32161941
551001.894062024,200041.454154228
551001.857436451,200041.55664779
551001.801943047,200041.689182614
551001.764207677,200041.80758033
551001.708714349,200041.954252172
551001.69095677,200042.057629209
551001.635463377,200042.190164036
551001.597728083,200042.322698774
551001.561102676,200042.455233508
551001.542235371,200042.587768154
551001.50560989,200042.705282307
551001.450116431,200042.823680124
551001.413491032,200042.956214864
551001.357997574,200043.073729119
551001.339130358,200043.221284351
551001.302504885,200043.338798511
551001.247011432,200043.45631277
551001.228144144,200043.588847423
551001.209276858,200043.721382075
551001.209277557,200043.85391663
551001.172652018,200043.957293773
551001.136026556,200044.074807939
551001.098291295,200044.207342696
551001.042797934,200044.339877547
551001.006172559,200044.472412299
551000.987305211,200044.590809938
551000.931811857,200044.723344793
551000.895186405,200044.840858966
551000.858561037,200044.973393723
551000.839693774,200045.105928386
551000.803068328,200045.22344256
551000.728706923,200045.341840506
551000.692081564,200045.474375269
551000.617720158,200045.591889654
551000.5810948,200045.72442442
551000.543359483,200045.841938609
551000.48786615,200045.974473477
551000.4512408,200046.107008247
551000.414615535,200046.254563602
551000.395748292,200046.387098273
551000.340254718,200046.475454959
551000.321387478,200046.607989634
551000.265894071,200046.72550393
551000.229268654,200046.843901685
551000.192643318,200046.97643646
551000.173776086,200047.108971137
551000.118282685,200047.226485438
551000.062789288,200047.343999741
551000.043922061,200047.47653442
551000.007296735,200047.609069202
550999.988429433,200047.727466862
550999.932936041,200047.844981168
550999.877442652,200047.962495478
550999.840817333,200048.095030267
550999.804192105,200048.24258564
550999.76645674,200048.345962828
550999.710963446,200048.478497728
550999.674338048,200048.596011935
550999.637712652,200048.713526143
550999.618845537,200048.861081419
550999.599978161,200048.964458501
550999.563352683,200049.066952125
550999.526727383,200049.199486921
550999.471234018,200049.317884811
550999.433498751,200049.43539903
550999.396873456,200049.567933829
550999.360248075,200049.685448046
550999.3047548,200049.817982961
550999.267019722,200049.965538358
550999.267020611,200050.11309353
550999.230395145,200050.215587163
550999.193769686,200050.318964362
550999.156034615,200050.466519762
550999.100541264,200050.5840341
550999.063915989,200050.716568911
550999.027290622,200050.834083137
550998.971797368,200050.966618065
550998.934062215,200051.099152886
550998.878568964,200051.231687819
550998.841943699,200051.364222636
550998.805318255,200051.467599843
550998.749824829,200051.570977171
550998.694331584,200051.703512106
550998.656596352,200051.821026351
550998.601103019,200051.938540706
550998.564477765,200052.071075528
550998.527852424,200052.189473332
550998.472359096,200052.306987689
550998.416865959,200052.454543227
550998.379130832,200052.587078061
550998.361373476,200052.704592185
550998.305880155,200052.82210655
550998.250386841,200052.94050448
550998.194893525,200053.058018848
550998.157158407,200053.19055369
550998.120532985,200053.293930917
550998.083907656,200053.411445163
550998.028414254,200053.514822512
550997.990679046,200053.632336775
550997.954053916,200053.779892203
550997.917428497,200053.882385869
550997.861935291,200054.014920835
550997.806441897,200054.118298192
550997.750948596,200054.235812571
550997.676587412,200054.368347669
550997.621094121,200054.486745615
550997.546732844,200054.604260129
550997.473481353,200054.707637608
550997.417988162,200054.840172587
550997.343626988,200054.972707695
550997.288133799,200055.105242675
550997.213772531,200055.222757197
550997.140521049,200055.326134687
550997.066159884,200055.458669802
550996.99179862,200055.576184327
550996.918547238,200055.693698852
550996.863053867,200055.797076229
550996.788692606,200055.91459076
550996.733199337,200056.032988735
550996.677706064,200056.150503142
550996.603344912,200056.283038271
550996.530093539,200056.400552805
550996.455732295,200056.518950913
550996.363612944,200056.63646558
550996.289251799,200056.769000718
550996.214890457,200056.872378242
550996.122771111,200056.989892914
550996.048409868,200057.107407466
550995.956290532,200057.225805712
550995.881929293,200057.343320268
550995.808677839,200057.446697795
550995.734316402,200057.535054734
550995.642196962,200057.637548829
550995.53120965,200057.755947217
550995.456848314,200057.858441193
550995.364728883,200057.96181886
550995.271499574,200058.065196536
550995.17938004,200058.153553611
550995.087260713,200058.271068314
550994.994031505,200058.38858303
550994.901912082,200058.491960707
550994.827550656,200058.580317668
550994.735431128,200058.668674754
550994.643311709,200058.772052439
550994.550082401,200058.874546569
550994.457962984,200058.977924257
550994.36584357,200059.08130195
550994.272614266,200059.183796086
550994.180494852,200059.287173781
550994.106133541,200059.390551353
550994.014014022,200059.478908456
550993.921894506,200059.567265562
550993.828665,200059.640602084
550993.736545484,200059.728959194
550993.644425969,200059.817316305
550993.533438472,200059.905673555
550993.422451085,200060.009051403
550993.329221583,200060.082387934
550993.218234088,200060.170745192
550993.107246597,200060.259102451
550993.015127088,200060.347459574
550992.904139487,200060.42079624
550992.793151676,200060.464975278
550992.6632961,200060.53919565
550992.552308502,200060.612532322
550992.441320903,200060.685868995
550992.330333313,200060.760089236
550992.238213699,200060.833425775
550992.108358231,200060.92178319
550991.997370746,200061.010140474
550991.886383152,200061.083477157
550991.794263437,200061.142676669
550991.664407861,200061.216013495
550991.553420277,200061.29023375
550991.424674584,200061.363570573
550991.313686992,200061.436907268
550991.202699513,200061.525264562
550991.09171182,200061.584464224
550990.980724229,200061.657800923
550990.850868666,200061.732021331
550990.758749061,200061.805357893
550990.647761256,200061.849536959
550990.517905799,200061.937894412
550990.42578609,200061.997093941
550990.314798394,200062.05541005
550990.20381059,200062.099589121
550990.092823013,200062.173809401
550989.981835429,200062.247146119
550989.870847741,200062.306345797
550989.759860158,200062.379682516
550989.666630572,200062.438882069
550989.555642877,200062.497198187
550989.444655191,200062.556397873
550989.315909289,200062.600577092
550989.186053393,200062.629735713
550989.056197945,200062.718093193
550988.927452046,200062.762272414
550988.816464473,200062.836492712
550988.705476675,200062.880671804
550988.594489212,200062.969029148
550988.46463354,200063.027345424
550988.353645856,200063.086545126
550988.242658059,200063.130724223
550988.112802395,200063.189924071
550988.001814598,200063.234103172
550987.873068808,200063.292419448
550987.743212808,200063.307441045
550987.632225348,200063.395798405
550987.502369457,200063.424957044
550987.39138166,200063.469136149
550987.262636104,200063.557493651
550987.151648201,200063.587535718
550987.021792533,200063.645852014
550986.891936534,200063.660873619
550986.763190639,200063.705052866
550986.633334863,200063.749232126
550986.503478971,200063.778390776
550986.392491179,200063.822569891
550986.263745062,200063.837591491
550986.133889626,200063.925949017
550986.004033627,200063.940970627
550985.893045944,200063.999286791
550985.782057703,200063.985150602
550985.634444169,200064.073508274
550985.486830062,200064.087646458
550985.356973948,200064.08764746
550985.227118405,200064.161867956
550985.098372514,200064.206047223
550984.987384266,200064.191027468
550984.838660736,200064.264364547
550984.691046637,200064.279386303
550984.561190865,200064.32356558
550984.432444857,200064.352724238
550984.302588975,200064.382766473
550984.172732862,200064.38276748
550984.025118988,200064.426946899
550983.877504999,200064.456105705
550983.766516751,200064.441085953
550983.63666087,200064.47112819
550983.489046765,200064.485266386
550983.35919065,200064.485267395
550983.229334769,200064.515309631
550983.118346638,200064.515310493
550982.970732532,200064.529448692
550982.840876192,200064.500292034
550982.712129842,200064.485272419
550982.563405863,200064.500294189
550982.43465963,200064.500295189
550982.304803399,200064.485275582
550982.174947286,200064.48527659
550982.027333304,200064.515318969
550981.916345055,200064.500299214
550981.786488941,200064.500300223
550981.657742826,200064.51532184
550981.527886595,200064.500302231
550981.398030255,200064.471145568
550981.25041615,200064.485283769
550981.139427909,200064.471147576
550981.009571678,200064.456127963
550980.861957464,200064.456129109
550980.732101234,200064.441109498
550980.58448691,200064.42697359
550980.454630796,200064.426974598
550980.343642432,200064.396934218
550980.214895974,200064.367777538
550980.085039634,200064.338620871
550979.955183404,200064.323601255
550979.826437056,200064.308581632
550979.677712735,200064.279425106
550979.548966276,200064.250268424
550979.400242181,200064.250269575
550979.289253934,200064.23524981
550979.160507476,200064.206093128
550979.03065113,200064.176052887
550978.900794676,200064.131875586
550978.772048219,200064.102718899
550978.661059863,200064.073562075
550978.531203517,200064.043521829
550978.40134718,200064.014365148
550978.253732626,200063.970187981
550978.123876628,200063.985209604
550978.012888497,200063.985210459
550977.88414215,200063.970190827
550977.73541783,200063.941034288
550977.606671143,200063.881836344
550977.476814806,200063.85267966
550977.346958461,200063.822639404
550977.218212006,200063.793482708
550977.088355668,200063.764326021
550976.940741116,200063.720148839
550976.810884772,200063.690108582
550976.681028551,200063.675972518
550976.55228209,200063.645932248
550976.42242553,200063.587617867
550976.292569187,200063.557577604
550976.163822617,200063.513400272
550976.033966282,200063.484243575
550975.904109947,200063.455086877
550975.7753636,200063.440067233
550975.626639392,200063.425047739
550975.497892936,200063.395891032
550975.368036825,200063.395892023
550975.238180374,200063.351714691
550975.090565825,200063.307537494
550974.96070926,200063.24833953
550974.831962693,200063.204162184
550974.70210636,200063.175005477
550974.572249912,200063.13082814
550974.443503345,200063.08665079
550974.332514765,200063.027452674
550974.183790449,200062.998296109
550974.072802097,200062.969139253
550973.961813739,200062.939098829
550973.814199085,200062.880784553
550973.703210727,200062.850744129
550973.592222157,200062.792429571
550973.444607609,200062.748252353
550973.333619145,200062.704074862
550973.2037627,200062.659897508
550973.073906255,200062.615720152
550972.945159796,200062.585679855
550972.815303579,200062.571543767
550972.704315116,200062.527366266
550972.574458671,200062.483188908
550972.426844232,200062.453148749
550972.296987901,200062.423992024
550972.168241557,200062.408972356
550972.038385114,200062.36479499
550971.90852867,200062.320617626
550971.779782109,200062.276440252
550971.631057796,200062.247283661
550971.520069447,200062.218126787
550971.391322887,200062.173949407
550971.242598238,200062.099730902
550971.113851572,200062.041416451
550970.983995235,200062.011376147
550970.836380805,200061.98221954
550970.706524364,200061.938042163
550970.57666781,200061.878844146
550970.447921363,200061.849687393
550970.318065035,200061.820530652
550970.207076681,200061.790490201
550970.077220136,200061.732175744
550969.948473578,200061.687998351
550969.818617138,200061.643820963
550969.688760916,200061.628801289
550969.560014357,200061.58462389
550969.449025901,200061.54044636
550969.30030148,200061.496269107
550969.171554922,200061.452091706
550969.041698597,200061.422934952
550968.930710244,200061.392894491
550968.800853703,200061.334580021
550968.67210725,200061.304539687
550968.542250709,200061.246225214
550968.412394272,200061.202047812
550968.283647716,200061.157870399
550968.15379128,200061.113692996
550968.023934734,200061.054494948
550967.876320308,200061.025338314
550967.746463975,200060.995297982
550967.635475632,200060.966141077
550967.506728969,200060.906943017
550967.376872533,200060.862765604
550967.265883758,200060.774409686
550967.136027433,200060.745252915
550966.988412686,200060.671917905
550966.85855593,200060.583562119
550966.729809377,200060.539384693
550966.599953049,200060.509344347
550966.470096513,200060.451029847
550966.359107954,200060.391831637
550966.230361294,200060.332633559
550966.100504759,200060.274319052
550965.970648431,200060.244278701
550965.841901989,200060.215121909
550965.71204556,200060.170944478
550965.582189019,200060.111746398
550965.453442471,200060.067568954
550965.304718167,200060.038412301
550965.193729828,200060.009255375
550965.06498328,200059.96507793
550964.916258759,200059.905879977
550964.787512212,200059.861702526
550964.657655783,200059.817525084
550964.510041255,200059.773347769
550964.399052808,200059.729170188
550964.250328398,200059.684992876
550964.102713871,200059.640815555
550963.972857651,200059.625795837
550963.844111105,200059.581618377
550963.73312266,200059.53744079
550963.58439815,200059.479126388
550963.455651498,200059.419928273
550963.325795179,200059.39077147
550963.195938754,200059.34659401
550963.067192208,200059.302416544
550962.937335783,200059.258239082
550962.807479358,200059.21406162
550962.678732915,200059.184021234
550962.567744472,200059.139843633
550962.419020065,200059.095666303
550962.290273422,200059.037351741
550962.179284979,200058.993174139
550962.030560781,200058.978154541
550961.91957234,200058.933976937
550961.771957816,200058.889799588
550961.624343293,200058.845622241
550961.494486976,200058.81646542
550961.364630654,200058.78642503
550961.235884112,200058.742247545
550961.087159709,200058.698070198
550960.976171169,200058.639755496
550960.847424728,200058.609715093
550960.698700326,200058.565537744
550960.569953893,200058.536380907
550960.44009747,200058.492203422
550960.31024105,200058.448025933
550960.181494717,200058.433006181
550960.051638508,200058.418870006
550959.940650068,200058.374692384
550959.810793648,200058.330514891
550959.682047006,200058.271316732
550959.533322709,200058.242160029
550959.404576376,200058.227140273
550959.274719956,200058.182962774
550959.127105543,200058.153806059
550958.997249328,200058.13878631
550958.867393114,200058.123766561
550958.738646786,200058.109630369
550958.608790369,200058.065452868
550958.461175746,200058.006254828
550958.331319328,200057.962077323
550958.201462911,200057.917899815
550958.072716479,200057.888742959
550957.92399208,200057.844565582
550957.79524544,200057.785367402
550957.665389128,200057.75621055
550957.535532915,200057.741190791
550957.40678638,200057.697013269
550957.276930068,200057.667856415
550957.147073654,200057.623678897
550957.018327014,200057.56448071
550956.907338686,200057.535323719
550956.777482368,200057.505283295
550956.647626059,200057.476126436
550956.536637625,200057.43194878
550956.38902311,200057.387771379
550956.259166801,200057.358614517
550956.148178465,200057.328573955
550956.019431934,200057.284396417
550955.889575423,200057.226081793
550955.759719009,200057.18190426
550955.612104594,200057.151863946
550955.482248181,200057.107686411
550955.371259854,200057.078529413
550955.223645342,200057.034352
550955.093788827,200056.975153796
550954.965042399,200056.945996914
550954.835186091,200056.91684004
550954.705329681,200056.872662499
550954.576583048,200056.813464279
550954.427858655,200056.769286864
550954.299112126,200056.725109308
550954.16925582,200056.69595243
550954.021641309,200056.651775001
550953.891784796,200056.592576785
550953.761928491,200056.563419899
550953.633182058,200056.533379438
550953.503325753,200056.504222555
550953.35571114,200056.445024451
550953.206986655,200056.38670992
550953.078240128,200056.342532355
550952.967251798,200056.312491766
550952.818527613,200056.298355674
550952.707539186,200056.254177984
550952.559924679,200056.21000054
550952.430068271,200056.165822973
550952.301321843,200056.135782504
550952.171465436,200056.091604935
550952.041609029,200056.047427367
550951.91286241,200055.989112686
550951.801873985,200055.944934987
550951.672017675,200055.914894516
550951.542161371,200055.885737616
550951.394546866,200055.841560158
550951.264690462,200055.797382582
550951.135943938,200055.753204995
550951.006087534,200055.709027416
550950.895099111,200055.664849707
550950.765242707,200055.620672126
550950.636496186,200055.576494533
550950.506639682,200055.517296275
550950.37678338,200055.488139363
550950.248036857,200055.443961766
550950.118180456,200055.399784178
550949.970565953,200055.355606704
550949.840709652,200055.32644979
550949.710853251,200055.282272195
550949.59986483,200055.238094476
550949.452250229,200055.178896321
550949.322393828,200055.134718722
550949.193647309,200055.090541116
550949.08265889,200055.046363392
550948.952802589,200055.017206465
550948.822946189,200054.973028865
550948.675331782,200054.942988485
550948.545475483,200054.913831557
550948.434487258,200054.898811614
550948.305740739,200054.854633997
550948.175884248,200054.796319281
550948.046027849,200054.752141669
550947.917281333,200054.707964051
550947.787425126,200054.692944226
550947.676436809,200054.663787167
550947.546580312,200054.604588874
550947.417833795,200054.560411248
550947.287977399,200054.516233631
550947.176989082,200054.487076566
550947.047132778,200054.457036059
550946.899518091,200054.383700759
550946.788529675,200054.339523013
550946.640915371,200054.324503296
550946.49219109,200054.295346475
550946.363444479,200054.236148158
550946.252456065,200054.191970407
550946.122599578,200054.133655664
550945.992743374,200054.118635829
550945.881755057,200054.089478756
550945.753008546,200054.045301113
550945.623152152,200054.001123479
550945.493295757,200053.956945841
550945.345681265,200053.91276832
550945.253560924,200053.88272755
550945.142572513,200053.838549788
550944.993848048,200053.780235154
550944.846233646,200053.75019474
550944.735245333,200053.721037658
550944.624257018,200053.691880576
550944.494400718,200053.661840045
550944.365654207,200053.617662388
550944.235797628,200053.54432694
550944.105941238,200053.500149288
550943.977194915,200053.48512943
550943.866206505,200053.440951656
550943.717482134,200053.396774124
550943.56986774,200053.367617268
550943.440011538,200053.352597415
550943.329023225,200053.323440322
550943.200276813,200053.294283346
550943.05155225,200053.220064429
550942.922805652,200053.161749641
550942.792949353,200053.131709095
550942.663093157,200053.117572806
550942.534346553,200053.058374446
550942.404489979,200052.985038971
550942.256875492,200052.940861413
550942.145887175,200052.910820742
550942.034898583,200052.837485139
550941.886173934,200052.749129086
550941.757427335,200052.689930711
550941.64643884,200052.631615795
550941.497714282,200052.557396855
550941.386726718,200052.645754561
550941.239112327,200052.616597684
550941.091497937,200052.587440806
550940.96164192,200052.601578751
550940.831785725,200052.587442451
550940.72079741,200052.557401772
550940.609809007,200052.513223966
550940.462194713,200052.499087775
550940.351206308,200052.454909972
550940.240217995,200052.424869285
550940.148097945,200052.439890558
550939.943879891,200052.454912544
550939.815133293,200052.39571415
550939.704144891,200052.35153634
550939.593156671,200052.336516344
550939.482168181,200052.278201408
550939.371179777,200052.234023592
550939.277949564,200052.203982789
550939.149202973,200052.145667959
550939.055972578,200052.086469334
550938.908358001,200052.02727105
550938.797369695,200051.998113922
550938.649755308,200051.968957025
550938.519899013,200051.938916448
550938.390042633,200051.89473874
550938.279054232,200051.850560915
550938.150307921,200051.836424593
550938.020451445,200051.777226184
550937.928331209,200051.762206062
550937.779606847,200051.718028466
550937.631992368,200051.673850863
550937.46551,200051.644694073
550937.335653802,200051.629674181
550937.18803951,200051.615537972
550937.040424844,200051.541318965
550936.910568379,200051.483004117
550936.799580067,200051.452963407
550936.688591669,200051.408785568
550936.577603273,200051.364607725
550936.429988795,200051.32043011
550936.281264349,200051.262115369
550936.133649872,200051.217937748
550935.986035482,200051.187897257
550935.856179017,200051.129582395
550935.70856445,200051.070384072
550935.578707893,200050.997048503
550935.486587296,200050.922829132
550935.356730833,200050.864514262
550935.245742348,200050.805315704
550935.098127782,200050.746117369
550934.96827123,200050.672781792
550934.857282836,200050.62860393
550934.746294266,200050.555268234
550934.635305512,200050.451891128
550934.524316946,200050.378555428
550934.413328372,200050.304336155
550934.338965885,200050.231000229
550934.227977495,200050.186822359
550934.099230914,200050.127623891
550933.969374277,200050.039267592
550933.839517822,200049.980952698
550933.747397414,200049.93677471
550933.617540863,200049.862555535
550933.48879429,200049.804240629
550933.377805723,200049.730021339
550933.284575524,200049.700864057
550933.173587136,200049.656686173
550933.04484056,200049.59748769
550932.914984107,200049.539172782
550932.78512756,200049.464953596
550932.67413909,200049.406638574
550932.563150615,200049.347439975
550932.452162057,200049.274104242
550932.341173494,200049.199884934
550932.230185026,200049.141569905
550932.11919638,200049.053213458
550932.008207819,200048.978994144
550931.879461252,200048.920679212
550931.768472693,200048.846459896
550931.65748405,200048.75810344
550931.564253597,200048.684767587
550931.435506945,200048.61143194
550931.342276405,200048.523075373
550931.25015566,200048.419698087
550931.139167022,200048.331341621
550931.064804553,200048.258005649
550930.953815917,200048.169649175
550930.861695345,200048.095429732
550930.750706712,200048.007073256
550930.658586059,200047.918716668
550930.565355526,200047.830360087
550930.492102777,200047.727866247
550930.398872246,200047.63950966
550930.306751677,200047.565290206
550930.232388963,200047.447775656
550930.176894397,200047.359418848
550930.084773838,200047.286082959
550930.010411123,200047.167684833
550929.918290399,200047.065191089
550929.843927688,200046.946792958
550929.788433047,200046.844299003
550929.732938403,200046.740921473
550929.677443597,200046.608386091
550929.621948878,200046.490871418
550929.566454238,200046.387493886
550929.4932015,200046.284116452
550929.437706784,200046.166601774
550929.382212071,200046.049087095
550929.344475292,200045.90153089
550929.307848481,200045.768995393
550929.271221831,200045.665617746
550929.252353122,200045.533082148
550929.21572624,200045.386409506
550929.196857453,200045.238853193
550929.177988752,200045.106317594
550929.160229934,200044.973781985
550929.141361155,200044.82622567
550929.104734284,200044.679553023
550929.104733648,200044.561154461
550929.104732862,200044.414481616
550929.08586425,200044.296083154
550929.085863469,200044.149410307
550929.085862606,200043.986833175
550929.085861905,200043.854297473
550929.085861285,200043.736782479
550929.066992607,200043.604246876
550929.066991913,200043.47171117
550929.049233041,200043.324154846
550929.049232351,200043.191619137
550929.049231741,200043.074104147
550929.049231054,200042.941568443
550929.04923037,200042.809032738
550929.066987788,200042.676496943
550929.066987031,200042.528940524
550929.049228253,200042.396404908
550929.049227654,200042.278889916
550929.030358923,200042.131333595
550928.993732172,200041.998798076
550928.974863598,200041.881283177
550928.955995025,200041.763768279
550928.938236261,200041.631232662
550928.919367542,200041.483676333
550928.900498899,200041.351140723
550928.882740216,200041.233625816
550928.845003667,200041.115227438
550928.808376931,200040.982691911
550928.771750198,200040.850156382
550928.716255486,200040.717620943
550928.678519022,200040.615126846
550928.641892295,200040.482591314
550928.623023738,200040.364192836
550928.586396873,200040.202499445
550928.530902172,200040.069964001
550928.494275665,200039.981607035
550928.456539139,200039.864092216
550928.419912423,200039.731556677
550928.383285709,200039.599021135
550928.345549118,200039.466485599
550928.308922616,200039.378128631
550928.290054147,200039.274750859
550928.234559388,200039.127194688
550928.216800737,200039.009679768
550928.179064224,200038.892164943
550928.14243759,200038.773766536
550928.105810962,200038.656251703
550928.068074314,200038.508695443
550928.01257964,200038.376159979
550927.994820999,200038.258645053
550927.975952542,200038.155267276
550927.939325854,200038.022731724
550927.920457267,200037.890196086
550927.883830584,200037.75766053
550927.864962002,200037.62512489
550927.846093558,200037.522630682
550927.809467009,200037.419252983
550927.790598433,200037.286717344
550927.772839739,200037.154181699
550927.772839214,200037.036666688
550927.753970707,200036.91826819
550927.735102138,200036.785732547
550927.717343452,200036.6531969
550927.698474825,200036.506524113
550927.698474178,200036.358967671
550927.679605618,200036.226432027
550927.679605041,200036.093896301
550927.661846367,200035.961360649
550927.661845729,200035.813804208
550927.661845159,200035.681268479
550927.679602818,200035.578774107
550927.698470168,200035.431217584
550927.717337521,200035.283661061
550927.735095058,200035.15112526
550927.75396242,200035.00445231
550927.772829902,200034.886053651
550927.772829346,200034.753517924
550927.790586833,200034.606844981
550927.79058622,200034.45928854
550927.809453713,200034.341773454
550927.846079307,200034.22337472
550927.864946742,200034.090838919
550927.920440259,200033.958302966
550927.939307643,200033.811630024
550927.975933241,200033.693231296
550927.994800686,200033.560695499
550928.031426231,200033.428159628
550928.050293623,200033.281486688
550928.068051192,200033.148950897
550928.105786742,200033.045572883
550928.142412296,200032.913037019
550928.179037912,200032.795521869
550928.216773351,200032.662986002
550928.253398967,200032.544587283
550928.290024587,200032.427072137
550928.327760091,200032.309556987
550928.345517732,200032.191158346
550928.383253125,200032.044485341
550928.401010657,200031.896928842
550928.438746221,200031.793550838
550928.475371796,200031.661014986
550928.511997428,200031.543499847
550928.567490988,200031.410963924
550928.622984606,200031.293448715
550928.641852199,200031.19007079
550928.678477838,200031.072555655
550928.716213305,200030.940019804
550928.752838944,200030.821621098
550928.771706546,200030.719126746
550928.808332189,200030.600728046
550928.844957893,200030.49823363
550928.882693369,200030.365697782
550928.919319017,200030.247299083
550929.011438306,200030.012268764
550929.0857995,200029.77635494
550929.122425105,200029.643819106
550929.160160649,200029.52630398
550929.160160649,200029.52630398
550929.196786361,200029.422926003
550929.271147572,200029.18701219
550929.271147572,200029.18701219
550929.307773188,200029.054476361
550929.344398857,200028.936961244
550929.418760082,200028.701047442
550929.437627656,200028.58353239
550929.474253334,200028.466017278
550929.47425288,200028.33348158
550929.510878608,200028.230103609
550929.510878608,200028.230103609
550929.52974624,200028.126725702
550929.493118724,200027.69996088
550929.529744461,200027.596582913
550929.548612101,200027.494088576
550929.58523779,200027.375689901
550929.58523779,200027.375689901
550929.659599061,200027.140659688
550929.696224756,200027.022261014
550929.715092356,200026.904745972
550929.751718055,200026.787230871
550929.788343803,200026.683852911
550929.826079293,200026.536296387
550929.826079293,200026.536296387
550929.862704998,200026.418781289
550929.937066293,200026.182867524
550929.973692004,200026.065352427
550930.01031767,200025.932816623
550930.048053266,200025.815301529
550930.084678978,200025.696902864
550930.103546551,200025.56436712
550930.159040297,200025.461872685
550930.195665972,200025.329336882
550930.251159674,200025.210938169
550930.251159674,200025.210938169
550930.343279148,200024.990045082
550930.362146776,200024.872530052
550930.398772505,200024.755014969
550930.398772505,200024.755014969
550930.454265822,200024.504080578
550930.492001439,200024.386565497
550930.528627174,200024.269050418
550930.584120849,200024.136514575
550930.639614568,200024.018115873
550930.676240309,200023.900600798
550930.713975891,200023.768065012
550930.750601636,200023.650549938
550930.78722734,200023.518014157
550930.806094987,200023.399615566
550930.842720736,200023.282100495
550930.861588389,200023.164585476
550930.91708212,200023.046186786
550930.972575856,200022.928671665
550931.009201653,200022.825293739
550931.046937292,200022.707778673
550931.046937292,200022.707778673
550931.102430674,200022.457727884
550931.139056397,200022.325192114
550931.139056397,200022.325192114
550931.194549827,200022.08927847
550931.250043578,200021.971763363
550931.250043578,200021.971763363
550931.305537327,200021.853364685
550931.397656854,200021.618334527
550931.453150608,200021.499935851
550931.472018247,200021.367400136
550931.508644025,200021.249885087
550931.546379687,200021.132370033
550931.583005394,200020.984813566
550931.601873079,200020.867298562
550931.619630847,200020.734762854
550931.65736644,200020.587206388
550931.693992195,200020.454670634
550931.730617986,200020.33715559
550931.768353659,200020.218756973
550931.786111473,200020.101241976
550931.823847151,200019.983726934
550931.841604933,200019.851191229
550931.860472599,200019.718655524
550931.915966416,200019.615277579
550931.934834084,200019.482741876
550931.971459856,200019.350206132
550932.008085628,200019.217670387
550932.045821351,200019.114292488
550932.082447096,200018.96761961
550932.119072941,200018.864241715
550932.156808602,200018.731705974
550932.193434419,200018.614190944
550932.212302105,200018.481655248
550932.23005991,200018.349119552
550932.285553711,200018.230720912
550932.285553711,200018.230720912
550932.378783126,200017.951512269
550932.415408983,200017.848134381
550932.452034813,200017.73061936
550932.489770554,200017.627241469
550932.545264336,200017.494705705
550932.545264336,200017.494705705
550932.600757904,200017.258792133
550932.656251783,200017.170434919
550932.692877621,200017.052919902
550932.72950346,200016.935404889
550932.784997252,200016.802869129
550932.784997252,200016.802869129
550932.840491107,200016.699491214
550932.933720659,200016.463577581
550932.970346564,200016.375220413
550932.970346564,200016.375220413
550933.044708376,200016.257705333
550933.155696127,200016.065970225
550933.211190018,200015.977613024
550933.211190018,200015.977613024
550933.322177663,200015.727562243
550933.358803577,200015.63920508
550933.395429519,200015.565868626
550933.46979137,200015.462490693
550933.506417259,200015.359112831
550933.506417259,200015.359112831
550933.561911132,200015.256618506
550933.672898905,200015.064883421
550933.747260788,200014.976526201
550933.747260788,200014.976526201
550933.877116602,200014.814832499
550933.913742551,200014.740612483
550933.969236483,200014.667276003
550934.005862407,200014.578918854
550934.061356315,200014.490561675
550934.061356315,200014.490561675
550934.172344081,200014.284689479
550934.227837966,200014.181311599
550934.302199832,200014.077933688
550934.302199832,200014.077933688
550934.394319628,200013.872061535
550934.394319628,200013.872061535
550934.487549311,200013.666189384
550934.560801328,200013.577832185
550934.598537096,200013.459433642
550934.654030969,200013.341918639
550934.709524843,200013.224403637
550934.78277684,200013.121025741
550934.820512619,200013.003510775
550934.857138468,200012.8559544
550934.89376439,200012.752576567
550934.949258316,200012.664219407
550935.004752222,200012.561725118
550935.042488052,200012.473367987
550935.115740058,200012.369990104
550935.153475867,200012.266612272
550935.208969778,200012.164117988
550935.282221746,200012.031582276
550935.356583618,200011.913183695
550935.430945514,200011.810689389
550935.504197531,200011.707311513
550935.578559407,200011.589796511
550935.615185324,200011.47139799
550935.652921126,200011.353883039
550935.689547026,200011.22134739
550935.708414829,200011.088811764
550935.708414654,200010.956276166
550935.726172579,200010.823740545
550935.763908389,200010.706225598
550935.7816663,200010.558669278
550935.80053415,200010.455291487
550935.837160083,200010.337776544
550935.874895916,200010.234398733
550935.911521854,200010.116883793
550935.930389674,200009.984348175
550935.930389551,200009.88097041
550935.948147514,200009.763455496
550935.967015339,200009.630919877
550936.022509315,200009.557583452
550936.059135278,200009.454205648
550936.096871107,200009.336690712
550936.152365053,200009.233312889
550936.188991019,200009.129935088
550936.225616972,200009.012420155
550936.244484811,200008.879884547
550936.263352668,200008.762369636
550936.299978624,200008.643971138
550936.336604568,200008.511435511
550936.392098526,200008.408941265
550936.429834368,200008.290542768
550936.466460348,200008.188048545
550936.503086312,200008.069650054
550936.503086312,200008.069650054
550936.558580163,200007.848757356
550936.57744802,200007.716221754
550936.614073992,200007.598706835
550936.651809834,200007.466171217
550936.707303777,200007.333635585
550936.743929756,200007.216120667
550936.78055576,200007.127763582
550936.818291621,200007.009365097
550936.854917615,200006.906870884
550936.873785536,200006.832650943
550936.910411511,200006.700115334
550936.947037496,200006.582600423
550936.965905385,200006.465085528
550937.021399345,200006.33254991
550937.058025326,200006.200014303
550937.09576121,200006.096636526
550937.095761103,200005.949080248
550937.11351912,200005.831565361
550937.151255021,200005.743208284
550937.187881032,200005.639830509
550937.206748924,200005.507294921
550937.243374918,200005.374759321
550937.280000933,200005.272265121
550937.317736802,200005.124708825
550937.373230775,200004.977152522
550937.409856786,200004.859637626
550937.484218769,200004.756259839
550937.501976811,200004.653765655
550937.501976811,200004.653765655
550937.557470768,200004.462030831
550937.595206667,200004.34451594
550937.612964706,200004.226117491
550937.650700617,200004.1236233
550937.687326632,200003.991087713
550937.687326632,200003.991087713
550937.798314634,200003.726016528
550937.872676631,200003.622638755
550937.945928756,200003.534281681
550938.056916848,200003.46094529
550938.150146825,200003.342546818
550938.205640845,200003.24005263
550938.261134862,200003.121654177
550938.278892913,200002.989118613
550938.278892913,200002.989118613
550938.372122842,200002.70991034
550938.427616865,200002.591511893
550938.445374922,200002.444839205
550938.464242873,200002.341461468
550938.519736905,200002.238083721
550938.556362957,200002.120568853
550938.575230905,200001.988033294
550938.575230871,200001.840477044
550938.611856924,200001.707941486
550938.649592857,200001.5612688
550938.705086894,200001.428733237
550938.741712956,200001.310334806
550938.778339018,200001.177799251
550938.778339018,200001.177799251
550938.833833052,200000.956906662
550938.852701019,200000.839391806
550938.852701006,200000.706856258
550938.871568979,200000.574320708
550938.889327069,200000.426764463
550938.927063025,200000.280091788
550938.963689103,200000.147556243
550939.019183164,200000.02915782
550939.019183164,200000.02915782
550939.055809248,199999.764086728
550939.074677234,199999.646571878
550939.093545221,199999.514036335
550939.11130333,199999.381500792
550939.130171323,199999.248965248
550939.149039316,199999.116429706
550939.166797431,199998.983894165
550939.166797448,199998.851358622
550939.166797465,199998.733843773
550939.185665465,199998.615445357
550939.185665483,199998.512951201
550939.185665508,199998.380415659
550939.185665508,199998.380415659
550939.222291645,199998.115344582
550939.260027639,199997.982809046
550939.277785768,199997.864410633
550939.296653783,199997.731875097
550939.333279902,199997.599339567
550939.352147918,199997.481824728
550939.352147918,199997.481824728
550939.388774074,199997.245911477
550939.388774119,199997.113375937
550939.407642153,199996.966703277
550939.444268283,199996.834167754
550939.482004297,199996.701632228
550939.482004297,199996.701632228
550939.518630432,199996.569096707
550939.555256639,199996.273984256
550939.574124681,199996.14144873
550939.592992724,199996.008913198
550939.62961887,199995.876377682
550939.648486926,199995.729705031
550939.666245087,199995.611306628
550939.685113148,199995.464633978
550939.685113213,199995.346235569
550939.72173937,199995.213700053
550939.7594754,199995.096185234
550939.796101561,199994.963649725
550939.796101561,199994.963649725
550939.888221869,199994.698578715
550939.925957907,199994.581063901
550939.962584086,199994.433507702
550939.981452156,199994.300972183
550939.981452156,199994.300972183
550940.054704494,199994.050921867
550940.092440543,199993.932523488
550940.12906672,199993.799987987
550940.165692902,199993.667452485
550940.203428965,199993.53491699
550940.240055141,199993.417402182
550940.276681314,199993.29988738
550940.314417385,199993.167351886
550940.351043576,199993.034816389
550940.387669783,199992.887260205
550940.425405846,199992.769745404
550940.480899999,199992.666367745
550940.536394193,199992.51881158
550940.591888375,199992.386276109
550940.628514581,199992.253740623
550940.665140771,199992.136225829
550940.720634944,199992.018711054
550940.739503055,199991.886175555
550940.776129267,199991.753640073
550940.813865361,199991.621104594
550940.850491547,199991.517726926
550940.905985746,199991.385191468
550940.96147993,199991.267676704
550940.998106138,199991.149278349
550941.053600326,199991.031763586
550941.091336432,199990.899228112
550941.127962628,199990.795850453
550941.164588839,199990.678335673
550941.18345697,199990.545800183
550941.220083204,199990.413264715
550941.257819321,199990.280729249
550941.31331354,199990.148193803
550941.368807742,199990.03067905
550941.368807742,199990.03067905
550941.460928207,199989.765608148
550941.497554452,199989.633072687
550941.53529058,199989.500537227
550941.53529058,199989.500537227
550941.571916831,199989.368001769
550941.646279218,199989.102930857
550941.682905455,199988.98453252
550941.738399694,199988.851997093
550941.775025934,199988.734482328
550941.812762099,199988.586926189
550941.868256343,199988.454390764
550941.904882611,199988.321855317
550941.941508857,199988.204340557
550941.960377028,199988.071805087
550941.997003301,199987.93926964
550942.034739456,199987.806734197
550942.05249771,199987.703356536
550942.090233868,199987.570821093
550942.126860127,199987.453306343
550942.163486408,199987.320770901
550942.201222599,199987.173214776
550942.237848861,199987.055700026
550942.274475151,199986.92316459
550942.312211323,199986.790629155
550942.348837568,199986.687251529
550942.367705764,199986.554716065
550942.367705764,199986.554716065
550942.459826316,199986.304665921
550942.496452617,199986.172130492
550942.534188801,199986.039595065
550942.589683113,199985.89203898
550942.626309368,199985.789544932
550942.662935653,199985.671146625
550942.70067182,199985.553631894
550942.737298105,199985.436117158
550942.756166295,199985.317718824
550942.792792585,199985.20020409
550942.848286885,199985.067668703
550942.884913179,199984.950153974
550942.92264941,199984.80259787
550942.959275762,199984.655041768
550942.959275762,199984.655041768
550943.033638271,199984.404991629
550943.051396621,199984.27245618
550943.051396621,199984.27245618
550943.106891189,199984.007385324
550943.144627381,199983.889870602
550943.200121672,199983.77147235
550943.236748014,199983.638936944
550943.273374357,199983.506401536
550943.328868683,199983.37386617
550943.366604882,199983.256351455
550943.4032312,199983.138836742
550943.439857584,199982.991280653
550943.477593787,199982.873765942
550943.514220143,199982.741230544
550943.514220143,199982.741230544
550943.606340781,199982.505317593
550943.644077022,199982.372782201
550943.6995714,199982.225226163
550943.736197733,199982.107711454
550943.772824101,199981.975176064
550943.810560353,199981.842640677
550943.847186725,199981.710105286
550943.883813066,199981.592590587
550943.902681343,199981.460055159
550943.958175635,199981.356677621
550943.994802015,199981.224142235
550944.032538279,199981.091606855
550944.088032679,199980.944050828
550944.124659031,199980.826536135
550944.161285418,199980.694000756
550944.161285418,199980.694000756
550944.254516029,199980.443950734
550944.272274408,199980.325552429
550944.272274408,199980.325552429
550944.346637048,199980.075502369
550944.40213143,199979.942967043
550944.40213143,199979.942967043
550944.457625814,199979.810431716
550944.549746679,199979.516203225
550944.605241033,199979.39780502
550944.624109344,199979.265269611
550944.660735758,199979.132734247
550944.698472056,199979.000198885
550944.71623049,199978.867663475
550944.771724815,199978.765169532
550944.809461156,199978.61761349
550944.864955561,199978.485078181
550944.901582025,199978.337522139
550944.938208454,199978.204986783
550944.993702866,199978.072451477
550945.012571198,199977.939916077
550945.012571198,199977.939916077
550945.08693391,199977.68986606
550945.123560347,199977.557330711
550945.160186748,199977.439816045
550945.197923032,199977.321417815
550945.253417496,199977.174745407
550945.290043944,199977.04221006
550945.345538375,199976.909674769
550945.382164825,199976.777139427
550945.401033177,199976.644604036
550945.437659676,199976.497048011
550945.475396013,199976.364512674
550945.512022431,199976.246998021
550945.567516832,199976.128599854
550945.604143297,199975.996064514
550945.641879643,199975.863529186
550945.678506153,199975.716856738
550945.71513258,199975.598458519
550945.752868934,199975.46592319
550945.789495407,199975.333387861
550945.808363783,199975.20085248
550945.808363783,199975.20085248
550945.88161665,199974.965823193
550945.919353014,199974.833287869
550945.955979499,199974.700752545
550946.011473966,199974.56821728
550946.066968436,199974.435682015
550946.103594925,199974.303146696
550946.159089355,199974.18474855
550946.196825776,199974.038076122
550946.233452228,199973.919677919
550946.252320627,199973.787142548
550946.307815061,199973.669627972
550946.307815061,199973.669627972
550946.399936143,199973.375399615
550946.436562651,199973.242864308
550946.436562651,199973.242864308
550946.510925459,199973.006951487
550946.529793822,199972.889436804
550946.566420338,199972.756901496
550946.566420338,199972.756901496
550946.603047246,199972.505967879
550946.640783649,199972.37343258
550946.677410071,199972.270938641
550946.696278546,199972.123382599
550946.732905073,199971.990847299
550946.769531653,199971.843291319
550946.807267964,199971.740797388
550946.825026468,199971.622399138
550946.862762885,199971.489863845
550946.880521491,199971.343191375
550946.899389931,199971.210656021
550946.899389931,199971.210656021
550946.97375295,199970.93056476
550946.97375295,199970.93056476
550947.0103796,199970.768871678
550947.084742633,199970.488780425
550947.10250126,199970.341224387
550947.1402378,199970.179531315
550947.157996432,199970.031975284
550947.157996962,199969.885302756
550947.176865481,199969.737746727
550947.195733947,199969.605211381
550947.213492588,199969.45765535
550947.251229039,199969.325120075
550947.287855719,199969.163427005
550947.306724302,199969.001733869
550947.306724302,199969.001733869
550947.306724798,199968.869198456
550947.362220026,199968.559949367
550947.362220529,199968.427413955
550947.362220529,199968.427413955
550947.41771566,199968.147322662
550947.454342309,199967.999766711
550947.490968958,199967.853094332
550947.509837625,199967.676380524
550947.528706182,199967.528824507
550947.56533284,199967.38126856
550947.584201401,199967.234596116
550947.601960084,199967.087040097
550947.620828651,199966.939484083
550947.639697161,199966.80694875
550947.67632383,199966.660276378
550947.695192522,199966.483562576
550947.71295122,199966.336006563
550947.750687839,199966.174313518
550947.750687839,199966.174313518
550947.806183167,199965.865064464
550947.823941937,199965.702487773
550947.842810526,199965.555815335
550947.86167912,199965.408259329
550947.86167912,199965.408259329
550947.879438515,199965.099010128
550947.917175099,199964.951454203
550947.91717572,199964.804781691
550947.917176346,199964.657225607
550947.934935074,199964.5096696
550947.934935702,199964.362997087
550947.934936337,199964.215441002
550947.917178936,199964.053747733
550947.917179449,199963.935349441
550947.917180153,199963.773656246
550947.917180153,199963.773656246
550947.879445545,199963.464406806
550947.861688095,199963.316850644
550947.842820763,199963.170178042
550947.82395337,199963.037642554
550947.787327879,199962.905106985
550947.750702458,199962.757550737
550947.712967091,199962.625015159
550947.676341539,199962.507500266
550947.657474157,199962.374964773
550947.639716594,199962.256566394
550947.584223269,199962.094872943
550947.565355892,199961.962337448
550947.528730351,199961.844822551
550947.473236832,199961.726423993
550947.417743445,199961.579751216
550947.343381951,199961.461352568
550947.287888434,199961.343837578
550947.232394919,199961.226322587
550947.195769458,199961.093786999
550947.195769458,199961.093786999
550947.084782577,199960.828715643
550947.029289141,199960.696179964
550946.991553739,199960.577781478
550946.991553739,199960.577781478
550946.862808844,199960.298572913
550946.788447366,199960.180174247
550946.714085816,199960.07767983
550946.677460231,199959.974302025
550946.603098826,199959.84176624
550946.566473387,199959.70923064
550946.566473387,199959.70923064
550946.455486551,199959.444159246
550946.418861045,199959.32664432
550946.363367563,199959.208245732
550946.307874152,199959.07571003
550946.233512762,199958.943174232
550946.178019281,199958.825659209
550946.122525732,199958.722281298
550946.085900381,199958.575608569
550946.011538998,199958.443072764
550945.95604553,199958.324674164
550945.900551982,199958.222179813
550945.845058363,199958.133822576
550945.789565046,199957.986266177
550945.715203673,199957.85373036
550945.659710361,199957.706173955
550945.623084956,199957.573638328
550945.623084956,199957.573638328
550945.512098112,199957.32358756
550945.475472711,199957.191051931
550945.437737357,199957.073536974
550945.401111809,199956.970159139
550945.345618358,199956.852644092
550945.290124984,199956.720108356
550945.23463154,199956.601709734
550945.179138244,199956.455036884
550945.179138244,199956.455036884
550945.06815128,199956.234143884
550945.031525823,199956.115745358
550944.957164556,199955.969072398
550944.901671121,199955.850673769
550944.901671121,199955.850673769
550944.846178472,199955.585602567
550944.79068504,199955.4680875
550944.735191769,199955.320531063
550944.69856648,199955.173858294
550944.69856648,199955.173858294
550944.643073932,199954.893766397
550944.60533869,199954.761230736
550944.60533869,199954.761230736
550944.532087976,199954.496159422
550944.513220804,199954.348603175
550944.457727472,199954.216067409
550944.421102122,199954.083531748
550944.402234953,199953.936859067
550944.346741793,199953.774281928
550944.365610513,199953.641746573
550944.365611086,199953.539252484
550944.365611829,199953.406717024
550944.365612494,199953.288318679
550944.36561332,199953.141646101
550944.365613904,199953.038268441
550944.365614654,199952.90573298
550944.327879444,199952.773197306
550944.327880198,199952.640661845
550944.365617171,199952.463948112
550944.40224418,199952.302255061
550944.402244942,199952.169719601
550944.402244942,199952.169719601
550944.402245625,199952.051321255
550944.421115141,199951.786250445
550944.438873755,199951.697893575
550944.438874351,199951.595399487
550944.421117025,199951.462863924
550944.457743711,199951.359486481
550944.438876595,199951.211930223
550944.457745356,199951.079394875
550944.49437213,199950.961880317
550944.49437213,199950.961880317
550944.532109049,199950.800187283
550944.549867936,199950.667651929
550944.568736441,199950.579295069
550944.56873732,199950.431738926
550944.56873732,199950.431738926
550944.62423244,199950.255025317
