550946.8806261,199949.415647836
550946.769637972,199949.41564716
550946.640891748,199949.415646376
550946.511035464,199949.444803379
550946.511035281,199949.474844742
550946.529902103,199949.66569587
550946.696379331,199950.490950783
550946.825120594,199951.330342551
550946.788489891,199952.125554869
550946.67749689,199952.979082359
550946.585371462,199953.921850495
550946.603124226,199954.893777043
550946.658612753,199955.924902945
550946.76959486,199957.073543858
550946.9183128,199958.28050052
550947.084788865,199959.517498583
550947.287891265,199960.74035966
550947.473235412,199962.035673286
550947.639712039,199963.272671192
550947.806188595,199964.568868197
550947.934929516,199965.835023637
550948.028154312,199967.131220252
550947.324483063,199968.825020052
550947.232358422,199970.046996231
550946.991509667,199971.328171076
550946.69627693,199972.609345819
550946.363308613,199973.831321373
550945.95597843,199975.054180372
550945.548648597,199976.216956759
550945.142428648,199977.439815997
550944.69847288,199978.676812375
550944.29114334,199979.927946088
550943.902681973,199981.179963536
550943.53308868,199982.476159637
550943.125759686,199983.742314399
550942.700672811,199984.994332137
550942.312212208,199986.245466491
550941.904883811,199987.497484507
550941.479797423,199988.807818243
550941.072469414,199990.059836508
550940.647383493,199991.311854879
550940.276681954,199992.548852731
550939.907090461,199993.815008516
550939.537499161,199995.08116441
550939.149040059,199996.377361799
550938.760581168,199997.643517919
550938.408748548,199998.939715552
550938.039158029,200000.176714081
550937.668457823,200001.472911937
550937.317735667,200002.724047811
550936.91040976,200003.976067386
550936.503084027,200005.213066386
550936.096868363,200006.450065505
550935.745037064,200007.687064696
550935.3565799,200008.953221863
550934.949254985,200010.249420578
550934.48754605,200011.515578086
550934.061353532,200012.796756385
550933.599645063,200014.107976289
550933.192321007,200015.433333371
550932.803865084,200016.72864913
550932.396541383,200018.024848624
550931.952591736,200019.291006913
550931.5275103,200020.572186002
550931.102429024,200021.83922808
550930.731732162,200023.120407279
550930.362145291,200024.371545166
550930.010316664,200025.60854597
550929.604104138,200026.875588478
550929.233408153,200028.185925986
550928.827196018,200029.452085168
550928.438742394,200030.777443693
550928.086915008,200032.088665059
550927.717329728,200033.399003032
550927.365502694,200034.695203908
550927.032544097,200036.049720532
550926.755079582,200037.360058436
550926.514241425,200038.685416975
550926.385501483,200040.010775052
550926.311146081,200041.366174332
550926.347779169,200042.74984736
550926.496510574,200044.149424072
550926.92160207,200045.444737767
550927.587536839,200046.535061384
550928.43882124,200047.506985189
550929.474345268,200048.346372021
550930.620856371,200048.994023037
550931.860596674,200049.495000519
550933.007106896,200049.980957707
550934.265714971,200050.43687267
550935.467718865,200050.849492882
550936.651964138,200051.173756025
550938.075944864,200051.673848101
550939.407805115,200052.115624946
550940.647545065,200052.528244418
550941.886174873,200052.896685277
550943.051552442,200053.250105805
550944.27242485,200053.721040652
550945.548790871,200054.118638722
550946.807399005,200054.545394577
550948.083764978,200054.928855289
550949.341262103,200055.178897059
550950.673121972,200055.532315838
550952.041608237,200055.929912698
550953.244722114,200056.312489884
550954.52108838,200056.725107792
550955.797454669,200057.137725575
550957.018326708,200057.520302289
550958.164836723,200057.902879408
550959.349082206,200058.212120004
550960.587710748,200058.359667179
550961.938438863,200058.728105491
550963.251430507,200059.022324259
550964.676520487,200059.360720511
550966.008380039,200059.64080187
550967.284746386,200060.038397987
550968.561113399,200060.524350701
550969.837480332,200060.995282625
550971.076109809,200061.260343598
550972.260355663,200061.599624502
550973.370238275,200061.776329601
550974.480121771,200062.070549
550975.719862168,200062.468144615
550976.996228335,200062.821561521
550978.32808825,200063.13079959
550979.65994739,200063.33666034
550981.0284315,200063.395848815
550982.396914487,200063.307481799
550983.747639263,200063.204094332
550985.134989461,200063.013233648
550986.52233888,200062.718112328
550987.946314402,200062.423874397
550989.297037328,200062.07043826
550990.592265548,200061.62864617
550991.757637464,200061.157697537
550992.940765469,200060.406658941
550994.032882531,200059.552244172
550995.012901669,200058.697830418
550995.975161977,200057.725902945
550996.658840976,200056.577264767
550997.177147724,200055.414490856
550997.71321263,200054.235812818
550998.212651344,200053.013840535
550998.656595708,200051.717649366
550999.045046482,200050.466520436
550999.471233494,200049.229528421
550999.877442825,200047.992536651
551000.265894156,200046.740524513
551000.692081642,200045.488512289
551001.172653661,200044.266541066
551001.597731409,200042.970350929
551002.023919172,200041.6600239
551002.467865456,200040.393875097
551002.929569758,200039.06852759
551003.300263932,200037.728160066
551003.76196898,200036.476148603
551004.20591662,200035.342534849
551004.632105586,200034.032208623
551005.001690927,200032.751040343
551005.334650323,200031.45485174
551005.778598111,200030.173683414
551006.185920065,200028.907535924
551006.647626643,200027.714724117
551007.018322933,200026.462714006
551007.38790953,200025.210704011
551007.757496147,200023.900378971
551008.164819059,200022.63423209
551008.572142201,200021.382222342
551008.997223384,200020.02771938
551009.46004079,200018.687353478
551009.774134277,200017.33285103
551010.162590179,200016.051684253
551010.680902399,200014.77051736
551011.087116701,200013.430152114
551011.513309151,200012.1339651
551011.864029872,200010.838661878
551012.196992658,200009.513317664
551012.567691621,200008.187973516
551012.992774984,200006.862629441
551013.473352647,200005.566443027
551013.917304427,200004.270256777
551014.213642161,200002.900735049
551014.39899198,200001.502055887
551014.43561793,200000.147554902
551014.343497853,199998.851369019
551014.010533723,199997.555183038
551013.36236344,199996.362373609
551012.659809109,199995.228762651
551011.846266724,199994.197644679
551011.013856447,199993.211588182
551010.107084143,199992.328024696
551009.127059702,199991.502776091
551008.017179078,199990.810945156
551006.814068272,199990.29582654
551005.593199363,199989.809865339
551004.280210274,199989.368082047
551002.948353151,199988.98461378
551001.653122093,199988.631186608
551000.340133012,199988.233581108
550999.119264149,199987.806818007
550997.84290122,199987.394191722
550996.566538382,199986.938270664
550995.364537574,199986.510623649
550993.939450643,199986.0838597
550992.626461726,199985.671232829
550991.368966845,199985.288647128
550990.092604082,199984.861883033
550988.852867347,199984.478413562
550987.576504547,199984.095827472
550986.300141795,199983.69822065
550985.004911025,199983.329771332
550983.802910454,199982.887986147
550982.582041895,199982.461221413
550981.380041185,199982.107792554
550980.159172476,199981.769384174
550978.900568019,199981.341735437
550977.679699514,199980.929990846
550976.458831034,199980.517362572
550975.182468475,199980.119754669
550973.906106048,199979.677968317
550972.611985544,199979.236181784
550971.391117194,199978.809415939
550970.095886823,199978.381766206
550968.875018561,199977.939979461
550967.579788119,199977.557391394
550966.285667661,199977.144761919
550965.027063591,199976.673816957
550963.78843737,199976.217008992
550962.49320732,199975.731042987
550961.291207236,199975.275118418
550960.014844959,199974.877508987
550958.775108921,199974.435721133
550957.443252762,199973.99393286
550956.166890883,199973.492945535
550954.964891753,199972.78608681
550953.872771528,199971.902514506
550952.892749816,199970.901427706
550951.968222506,199969.841141752
550951.116947773,199968.706636039
550950.284541234,199967.557993062
550949.415508712,199966.424370385
550948.545366465,199965.290747463
550947.787322511,199964.127083431
550947.029278721,199962.963419184
550946.32561941,199961.770597182
550945.604202101,199960.592795577
550944.8650265,199959.488329963
550944.050378755,199958.457200066
550943.181346428,199957.529447362
550942.163589041,199956.808449061
550941.035952316,199956.307458955
550939.888337599,199955.836509993
550938.667470118,199955.483075364
550935.504322388,199952.9790191
550934.154708728,199952.640603833
550932.878347501,199952.258010328
550931.601986382,199951.860395999
550930.325625541,199951.418602983
550929.030396833,199950.961789008
550927.679673831,199950.54915314
550926.458807038,199950.122380766
550925.331169673,199949.798103156
550924.239048338,199949.503867117
