550842.923101691,200112.288064494
550842.904233713,200112.288064749
550842.904233713,200112.288064749
550842.904233713,200112.288064749
550842.904233713,200112.288064749
550842.904233713,200112.288064749
550842.885365544,200112.273927716
550842.904233522,200112.273927461
550842.885365544,200112.273927716
550842.885365544,200112.273927716
550842.885365544,200112.273927716
550842.885365544,200112.273927716
550842.885365544,200112.273927716
550842.885365735,200112.288065004
550842.885365735,200112.288065004
550842.867608044,200112.318106982
550842.867608044,200112.318106982
550842.867608641,200112.36228601
550842.829874072,200112.464781863
550842.81211698,200112.539002868
550842.812117974,200112.612340052
550842.793250989,200112.685677495
550842.774384211,200112.774035805
550842.756627314,200112.862394102
550842.737760742,200112.965773282
550842.718894363,200113.083289752
550842.682270092,200113.215827334
550842.663403524,200113.319206517
550842.626778859,200113.422585942
550842.607912487,200113.540102415
550842.590155804,200113.643481583
550842.552421249,200113.745977445
550842.552422266,200113.820198214
550842.515798009,200113.952735802
550842.515798009,200113.952735802
550842.496932857,200114.158610336
550842.496932857,200114.158610336
550842.479177799,200114.379505724
550842.479179224,200114.48288465
550842.479180637,200114.585379997
550842.441446108,200114.688759447
550842.441447536,200114.792138374
550842.441449161,200114.909654592
550842.423692493,200115.013033765
550842.404825935,200115.115529374
550842.404827577,200115.233929172
550842.385961022,200115.336424782
550842.368204571,200115.45482483
550842.349337611,200115.528162281
550842.330471072,200115.631541471
550842.330472709,200115.749057691
550842.274980096,200115.852437394
550842.257223849,200115.984974733
550842.257223849,200115.984974733
550842.182864694,200116.190850052
550842.16399836,200116.308366536
550842.127374142,200116.440904145
550842.108507612,200116.544283338
550842.108507612,200116.544283338
550842.053016253,200116.736021112
550842.053017695,200116.838516463
550842.016393285,200116.956916785
550841.997526751,200117.059412403
550841.979770111,200117.162791589
550841.960903791,200117.280308077
550841.905411409,200117.398708667
550841.905413071,200117.516224892
550841.868788873,200117.648762506
550841.868788873,200117.648762506
550841.831055835,200117.854637332
550841.794431228,200117.958016787
550841.775565132,200118.090554152
550841.757808707,200118.208070632
550841.720074638,200118.340608268
550841.702318015,200118.443987457
550841.683451712,200118.561503955
550841.627959767,200118.709062719
550841.609093685,200118.841600091
550841.609095165,200118.944979028
550841.609096633,200119.047474386
550841.572472038,200119.150853851
550841.553606179,200119.298412092
550841.53584977,200119.415928578
550841.516983482,200119.533445081
550841.516983482,200119.533445081
550841.461492828,200119.769361921
550841.424868881,200119.916920427
550841.406002819,200120.0494578
550841.369378659,200120.181995436
550841.369378659,200120.181995436
550841.331645902,200120.402891156
550841.313889727,200120.535428518
550841.295023673,200120.667965897
550841.295023673,200120.667965897
550841.276158688,200120.873840476
550841.220666564,200121.00637839
550841.184042421,200121.13891603
550841.147418499,200121.286474545
550841.10968426,200121.403991333
550841.073060122,200121.536528977
550841.036435768,200121.654045751
550841.017569732,200121.786583136
550841.017569732,200121.786583136
550840.943211382,200122.037521157
550840.943212889,200122.140016522
550840.925456534,200122.258416605
550840.906590287,200122.37593312
550840.887723833,200122.479312347
550840.906593114,200122.567670141
550840.906594627,200122.670165507
550840.887728399,200122.788565608
550840.887729915,200122.891060975
550840.887731445,200122.994439921
550840.869974657,200123.082798259
550840.814481913,200123.171157157
550840.795616334,200123.332852715
550840.814486729,200123.495431295
550840.758994422,200123.612948362
550840.740127984,200123.716327589
550840.703503884,200123.848865251
550840.665769906,200123.981402929
550840.629145808,200124.113940591
550840.59252149,200124.231457383
550840.57365527,200124.348973909
550840.554788841,200124.452353143
550840.518164979,200124.599911683
550840.499298989,200124.732449084
550840.499298989,200124.732449084
550840.462676672,200124.982502998
550840.462676672,200124.982502998
550840.351692118,200125.218420743
550840.315067815,200125.335937544
550840.315067815,200125.335937544
550840.277333634,200125.453454359
550840.221843147,200125.689371277
550840.185219305,200125.836929829
550840.129727261,200125.969467793
550840.110860838,200126.071963455
550840.074236334,200126.175342967
550840.018744293,200126.307880938
550839.999878332,200126.44041835
550839.999878332,200126.44041835
550839.963254503,200126.58797691
550839.90776359,200126.793852092
550839.852271561,200126.92639007
550839.815647742,200127.073948631
550839.815649771,200127.206485762
550839.777915846,200127.339023469
550839.722423825,200127.471561452
550839.685800002,200127.618236436
550839.649175747,200127.736636839
550839.630309807,200127.869174261
550839.630309807,200127.869174261
550839.593687586,200128.119228215
550839.5193276,200128.251766495
550839.500461669,200128.384303922
550839.463837644,200128.516841623
550839.444971717,200128.649379049
550839.371721168,200128.752759149
550839.371721168,200128.752759149
550839.278494805,200128.98779312
550839.241870336,200129.091172658
550839.205246088,200129.208689488
550839.149753877,200129.327090197
550839.149753877,200129.327090197
550839.075395743,200129.577144761
550839.038771501,200129.694661598
550839.001037615,200129.827199329
550838.927787539,200129.959737617
550838.908922105,200130.122316807
550838.890056205,200130.254854248
550838.834564453,200130.401529557
550838.816807979,200130.504908811
550838.779074343,200130.652467424
550838.705824278,200130.785005725
550838.668090633,200130.931680761
550838.631466885,200131.079239366
550838.594842901,200131.211777092
550838.539351181,200131.359335995
550838.539351181,200131.359335995
550838.483861547,200131.638548468
550838.428369597,200131.7710865
550838.409503961,200131.918644827
550838.409503961,200131.918644827
550838.335146382,200132.198741193
550838.298522882,200132.3604371
550838.224163203,200132.50799632
550838.206407447,200132.654671053
550838.16867385,200132.802229689
550838.150917871,200132.934767128
550838.095425941,200133.067305175
550838.039934013,200133.199843221
550838.002200183,200133.332380983
550837.965576705,200133.494076904
550837.928952534,200133.612477355
550837.891218469,200133.729994245
550837.817968452,200133.862532585
550837.799102612,200133.99507005
550837.799102612,200133.99507005
550837.724745104,200134.275166452
550837.688121173,200134.407704209
550837.669255569,200134.554378976
550837.632631413,200134.672779434
550837.596007718,200134.819454491
550837.558273684,200134.937854971
550837.54051774,200135.070392424
550837.485026074,200135.21706779
550837.485028232,200135.349604958
550837.447294437,200135.482142739
550837.429538504,200135.614680195
550837.374046615,200135.747218269
550837.336312826,200135.879756056
550837.336312826,200135.879756056
550837.280823113,200136.144831302
550837.244198981,200136.263231774
550837.244198981,200136.263231774
550837.188709759,200136.557465206
550837.133217885,200136.690003289
550837.09659424,200136.837561945
550837.058860469,200136.970099739
550837.003368602,200137.102637828
550836.966744716,200137.235175608
550836.911253087,200137.381850998
550836.911253087,200137.381850998
550836.836894961,200137.617768403
550836.781403838,200137.79448556
550836.744780213,200137.942044227
550836.708156576,200138.088719311
550836.670422588,200138.207119819
550836.633798719,200138.339657608
550836.633798719,200138.339657608
550836.541683496,200138.633891686
550836.503949753,200138.766429497
550836.467325642,200138.883946412
550836.411834057,200139.031505405
550836.411834057,200139.031505405
550836.392968551,200139.179063783
550836.28198489,200139.444140015
550836.245361041,200139.576677815
550836.245361041,200139.576677815
550836.153245862,200139.870911919
550836.115512139,200140.003449744
550836.060020322,200140.135987868
550836.042264462,200140.268525357
550835.967904923,200140.416084685
550835.931281089,200140.548622497
550835.931281089,200140.548622497
550835.856924042,200140.842856321
550835.820300472,200140.990415018
550835.782567007,200141.137090151
550835.745943184,200141.269627969
550835.671583169,200141.388029128
550835.634959093,200141.505546064
550835.598335534,200141.653104767
550835.598338037,200141.799779263
550835.542846503,200141.947338291
550835.523980294,200142.050717626
550835.523980294,200142.050717626
550835.449623042,200142.329930597
550835.431867476,200142.477488984
550835.357507718,200142.610027461
550835.338642017,200142.742564985
550835.283149742,200142.845944955
550835.209900116,200142.99262072
550835.172166441,200143.125158573
550835.135542652,200143.257696409
550835.098918863,200143.390234245
550835.098918863,200143.390234245
550835.024561167,200143.641172637
550835.024561167,200143.641172637
550834.894710178,200143.935407483
550834.89471197,200144.038786506
550834.802594387,200144.185462614
550834.747102635,200144.318000789
550834.728237221,200144.465559209
550834.728237221,200144.465559209
550834.636121708,200144.730635236
550834.544003892,200144.863174054
550834.525138487,200145.010732481
550834.469646488,200145.128249781
550834.469646488,200145.128249781
550834.395288829,200145.378304625
550834.358665338,200145.52586337
550834.303173608,200145.658401558
550834.303176198,200145.805959661
550834.247684209,200145.923476966
550834.192192484,200146.056015162
550834.136701027,200146.203574241
550834.136703361,200146.336111462
550834.081211644,200146.46864966
550834.081211644,200146.46864966
550834.006854028,200146.71870453
550833.970230561,200146.866263285
550833.933606563,200146.983780269
550833.914741199,200147.131338711
550833.89587557,200147.263876271
550833.89587557,200147.263876271
550833.803760397,200147.543089656
550833.784894774,200147.675627216
550833.784894774,200147.675627216
550833.673911386,200147.940703645
550833.637287672,200148.073241525
550833.637287672,200148.073241525
550833.600664229,200148.220800292
550833.526306933,200148.485876079
550833.451947272,200148.618414639
550833.415323569,200148.750952525
550833.396458235,200148.898510983
550833.340966813,200149.045186512
550833.304342864,200149.1635871
550833.229983469,200149.310262973
550833.229986123,200149.457821096
550833.174494726,200149.605380215
550833.156738746,200149.722896884
550833.101247355,200149.870456008
550833.101247355,200149.870456008
550833.045758616,200150.164689675
550833.00802533,200150.312248482
550832.952533403,200150.429765837
550832.915910003,200150.577324627
550832.879286332,200150.709862532
550832.841552509,200150.827379569
550832.786060864,200150.959917819
550832.786063547,200151.107475946
550832.786063547,200151.107475946
550832.675080525,200151.386689758
550832.619589437,200151.549269788
550832.564097804,200151.681808047
550832.527473875,200151.799325072
550832.453114543,200151.946884568
550832.379865077,200152.093560459
550832.360999527,200152.226098056
550832.360999527,200152.226098056
550832.268884003,200152.477036937
550832.194524406,200152.60957555
550832.139033049,200152.756251129
550832.120167786,200152.903809615
550832.046917801,200153.02132733
550832.046917801,200153.02132733
550831.972561212,200153.316444988
550831.935937308,200153.433962028
550831.935937308,200153.433962028
550831.861580456,200153.714058803
550831.824956834,200153.846596739
550831.7694655,200153.99327233
550831.731732002,200154.125810288
550831.676240409,200154.258348576
550831.62074882,200154.390886868
550831.62074882,200154.390886868
550831.509765926,200154.670984344
550831.473142599,200154.818543179
550831.473142599,200154.818543179
550831.381027137,200155.068598531
550831.325536105,200155.230295032
550831.270044529,200155.362833336
550831.214552956,200155.495371638
550831.159061386,200155.627909946
550831.140196175,200155.775468455
550831.048078534,200155.908007454
550831.029213592,200156.069703276
550830.992590008,200156.202241234
550830.93709845,200156.334779548
550830.93709845,200156.334779548
550830.862741695,200156.614876384
550830.788382715,200156.776573257
550830.751758877,200156.894973916
550830.715135307,200157.027511879
550830.715135307,200157.027511879
550830.659646821,200157.321745681
550830.659646821,200157.321745681
550830.604155281,200157.45428401
550830.566424639,200157.73438017
550830.529801352,200157.881055453
550830.493178083,200158.028614317
550830.455444649,200158.161152313
550830.455444649,200158.161152313
550830.363329574,200158.426228628
550830.363329574,200158.426228628
550830.271214793,200158.70632584
550830.252349619,200158.853000793
550830.177989854,200158.971402186
550830.177989854,200158.971402186
550830.104743341,200159.265636358
550830.104743341,200159.265636358
550830.049251831,200159.398174711
550829.956026914,200159.663251072
550829.882777312,200159.795789767
550829.845044197,200159.943348674
550829.827288654,200160.075886302
550829.771797157,200160.208424665
550829.734064031,200160.355099992
550829.734064031,200160.355099992
550829.641949026,200160.620176353
550829.605325806,200160.767735247
550829.567592416,200160.900273269
550829.567592416,200160.900273269
550829.456609742,200161.180370903
550829.438854217,200161.312908542
550829.401120838,200161.44544657
550829.345629361,200161.577984944
550829.309006143,200161.724660266
550829.309009017,200161.872218455
550829.23464957,200162.004757204
550829.216893766,200162.122273955
550829.161402596,200162.269833232
550829.1236698,200162.431529472
550829.050419966,200162.549930896
550829.031554861,200162.696605877
550829.031557458,200162.82914318
550829.031557458,200162.82914318
550828.939443122,200163.124261377
550828.90170977,200163.256799425
550828.90170977,200163.256799425
550828.86508658,200163.40347476
550828.772971671,200163.668551184
550828.717480528,200163.816110477
550828.679747483,200163.963669423
550828.64312373,200164.081186559
550828.60650057,200164.228745486
550828.60650057,200164.228745486
550828.55100914,200164.361283892
550828.457785257,200164.670539461
550828.457785257,200164.670539461
550828.365670389,200164.93561591
550828.329047229,200165.082291264
550828.291314506,200165.244871119
550828.254691069,200165.377409159
550828.199199358,200165.494926686
550828.162576224,200165.642485624
550828.124843195,200165.789161007
550828.124843195,200165.789161007
550828.032728364,200166.054237479
550827.99610494,200166.186775531
550827.940613841,200166.334334854
550827.885122143,200166.45185239
550827.866257124,200166.599410984
550827.847391504,200166.716927787
550827.791900112,200166.849466221
550827.7552767,200166.982004278
550827.736411691,200167.129562876
550827.680920306,200167.262101315
550827.663164576,200167.3796181
550827.6076735,200167.527177439
550827.569940218,200167.659715524
550827.552184798,200167.792253207
550827.552184798,200167.792253207
550827.477827823,200168.042308465
550827.422336452,200168.174846914
550827.403471464,200168.32240552
550827.3656,200168.5852
550827.366,200168.7155
550827.3681,200168.8458
550827.3717,200168.9761
550827.377,200169.1063
550827.384,200169.2364
550827.3925,200169.3664
550827.4027,200169.4963
550827.4145,200169.6261
550827.428,200169.7557
550827.443,200169.8851
550827.4597,200170.0143
550827.478,200170.1433
550827.4979,200170.2721
550827.5194,200170.4006
550827.5426,200170.5288
550827.5673,200170.6568
550827.5937,200170.7844
550827.6216,200170.9116
550827.6511,200171.0385
550827.6822,200171.1651
550827.7149,200171.2912
550827.7492,200171.4169
550827.7851,200171.5422
550827.8225,200171.667
550827.8615,200171.7913
550827.902,200171.9152
550827.9441,200172.0385
550827.9877,200172.1613
550828.032855245,200172.283491386
550828.088352047,200172.416027551
550828.143848247,200172.519405506
550828.199345053,200172.651941667
550828.254840943,200172.740298721
550828.291468856,200172.828656168
550828.384701624,200172.961191541
550828.421329852,200173.06456988
550828.495694331,200173.182084744
550828.551190541,200173.285462689
550828.606686438,200173.373819737
550828.662182632,200173.476314096
550828.754304919,200173.579691271
550828.828669111,200173.683068814
550828.884165308,200173.785563168
550828.957419307,200173.873919837
550829.031783502,200173.977297374
550829.123905796,200174.08067454
550829.198269976,200174.183168491
550829.272634176,200174.286546023
550829.345888179,200174.374902686
550829.439119728,200174.448238029
550829.531241712,200174.536594289
550829.623364014,200174.639971443
550829.716595564,200174.713306782
550829.808716938,200174.772504833
550829.808716938,200174.772504833
550830.011828892,200174.949216941
550830.011828892,200174.949216941
550830.216050414,200175.110908123
550830.30817179,200175.170106166
550830.419161144,200175.22930381
550830.530150482,200175.287617871
550830.660007814,200175.346815111
550830.770996853,200175.39099186
550830.863118231,200175.450189897
550830.992975248,200175.494366242
550831.103964587,200175.552680298
550831.232712041,200175.611877553
550831.343701082,200175.656054294
550831.454689804,200175.685210144
550831.584547141,200175.744407374
550831.695536182,200175.788584111
550831.843151298,200175.832760075
550831.954140341,200175.87693681
550832.083997359,200175.921113143
550832.21385438,200175.965289475
550832.34260152,200176.009465831
550832.34260152,200176.009465831
550832.583447264,200176.082798004
550832.713303985,200176.112837024
550832.842051125,200176.157013375
550832.953040168,200176.2011901
550833.08289719,200176.245366425
550833.08289719,200176.245366425
550833.323742937,200176.318698582
550833.434731982,200176.362875304
550833.434731982,200176.362875304
550833.712203806,200176.436206677
550833.82319285,200176.480383393
550833.934181894,200176.524560108
550834.04517064,200176.554599519
550834.173917784,200176.598775856
550834.322642466,200176.627930882
550834.433631512,200176.672107592
550834.562378336,200176.701263041
550834.673367382,200176.745439751
550834.822092385,200176.789615655
550834.950839227,200176.819654681
550835.080696255,200176.863830984
550835.21055296,200176.892986405
550835.339300105,200176.937162729
550835.46915713,200176.98133903
550835.599014157,200177.025515325
550835.727761302,200177.069691647
550835.838750031,200177.098847464
550835.968606756,200177.128886458
550836.116222182,200177.187199673
550836.246078908,200177.217238664
550836.246078908,200177.217238664
550836.375935615,200177.246394074
550836.504682762,200177.290570387
550836.782154595,200177.363901701
550836.9308793,200177.393940284
550837.059626448,200177.438116594
550837.189483156,200177.467271997
550837.319340184,200177.51144828
550837.466955312,200177.55562418
550837.596812343,200177.599800458
550837.72555917,200177.62895588
550837.836547919,200177.658995263
550837.96640495,200177.703171539
550838.09626198,200177.747347812
550838.243876787,200177.776502827
550838.354865839,200177.820679501
550838.484722549,200177.849834894
550838.6134697,200177.894011188
550838.762195031,200177.953207928
550838.890942184,200177.997384216
550839.020798893,200178.026539603
550839.150655926,200178.070715869
550839.279403077,200178.114892154
550839.409260111,200178.159068413
550839.539116841,200178.189107378
550839.667863992,200178.233283661
550839.778852727,200178.262439445
550839.90870976,200178.306615702
550840.056324266,200178.321633408
550840.186181604,200178.379946953
550840.316038334,200178.409985911
550840.316038334,200178.409985911
550840.574642524,200178.498338434
550840.722257658,200178.542514299
550840.852114692,200178.586690548
550840.852114692,200178.586690548
550841.092960463,200178.660022567
550841.240575597,200178.704198428
550841.370432956,200178.763395541
550841.499180417,200178.821709093
550841.629037455,200178.865885332
550841.721158231,200178.89592509
550841.869883552,200178.95423821
550841.998630405,200178.984277174
550842.147355421,200179.028453001
550842.258344481,200179.07262964
550842.387091638,200179.116805893
550842.535816655,200179.160981715
550842.664564119,200179.219295253
550842.813289137,200179.263471072
550842.813289137,200179.263471072
550843.071893031,200179.337686252
550843.201750377,200179.395999762
550843.349365515,200179.440175597
550843.47922225,200179.470214527
550843.607969411,200179.514390767
550843.607969411,200179.514390767
550843.737826756,200179.572704272
550844.015298938,200179.661056312
550844.145155983,200179.705232525
550844.256145045,200179.749409142
550844.403760185,200179.793584967
550844.551375325,200179.837760788
550844.551375325,200179.837760788
550844.828847204,200179.911975527
550844.828847204,200179.911975527
550844.939835944,200179.941131275
550845.217308455,200180.044504156
550845.347165499,200180.088680354
550845.347165499,200180.088680354
550845.605769707,200180.177032771
550845.735626753,200180.221208967
550845.883242204,200180.279522056
550846.013098943,200180.309560967
550846.142955988,200180.353737154
550846.253945057,200180.397913754
550846.401560508,200180.456226836
550846.531417554,200180.500403023
550846.660164721,200180.544579233
550846.660164721,200180.544579233
550846.919878815,200180.632931598
550846.919878815,200180.632931598
550847.215109435,200180.736304045
550847.215109435,200180.736304045
550847.474823533,200180.824656398
550847.6035707,200180.868832598
550847.752296054,200180.928029218
550847.899911202,200180.972205002
550848.04752635,200181.016380786
550848.1773834,200181.060556955
550848.1773834,200181.060556955
550848.454855907,200181.163046179
550848.584712959,200181.207222344
550848.732328107,200181.251398116
550848.84331751,200181.31059555
550848.973174889,200181.369792567
550849.120790039,200181.413968336
550849.120790039,200181.413968336
550849.379394571,200181.516457949
550849.509251625,200181.560634104
550849.509251625,200181.560634104
550849.805591809,200181.648985606
550849.953207288,200181.70818222
550850.083064343,200181.752358369
550850.211811187,200181.781513684
550850.341668571,200181.840710684
550850.489283724,200181.884886438
550850.619140779,200181.929062581
550850.619140779,200181.929062581
550850.896612659,200182.002393616
550851.044227812,200182.046569363
550851.192952848,200182.090745087
550851.321700025,200182.134921245
550851.470424749,200182.164959691
550851.599171926,200182.209135849
550851.747897271,200182.267448837
550851.876644446,200182.311624992
550852.043127272,200182.341663042
550852.15411635,200182.385839582
550852.302841057,200182.414994441
550852.302841057,200182.414994441
550852.580313604,200182.518367148
550852.709060781,200182.562543294
550852.838917839,200182.606719412
550852.9687749,200182.650895532
550852.9687749,200182.650895532
550853.246247117,200182.739247373
550853.393861945,200182.768402244
550853.523719007,200182.81257836
550853.652465856,200182.841733644
550853.801190896,200182.885909337
550853.948806055,200182.930085054
550854.078663446,200182.989282012
550854.189652199,200183.018437685
550854.337267359,200183.062613397
550854.484882518,200183.10678911
550854.63360756,200183.150964794
550854.762354742,200183.195140917
550854.892211493,200183.225179748
550855.022068556,200183.269355846
550855.169683719,200183.313531549
550855.317298547,200183.342686405
550855.447155611,200183.3868625
550855.558144698,200183.431039008
550855.688001762,200183.475215097
550855.835616926,200183.519390796
550855.835616926,200183.519390796
550856.094221174,200183.607742995
550856.224077909,200183.636898235
550856.353934975,200183.681074318
550856.501549825,200183.711112742
550856.649164658,200183.740267584
550856.779021723,200183.784443665
550856.908878456,200183.8135989
550857.037625644,200183.857775001
550857.186351023,200183.916971505
550857.31509821,200183.961147603
550857.444955276,200184.005323675
550857.444955276,200184.005323675
550857.574812345,200184.049499748
550857.852284911,200184.152872337
550857.9810321,200184.197048425
550857.9810321,200184.197048425
550858.240745905,200184.270379716
550858.388361072,200184.314555384
550858.535976241,200184.358731053
550858.665833311,200184.402907112
550858.795690381,200184.447083172
550858.92443757,200184.491259254
550859.054294975,200184.55045615
550859.201909811,200184.579610968
550859.201909811,200184.579610968
550859.479382053,200184.667962679
550859.609239457,200184.72715957
550859.756854627,200184.771335223
550859.886712015,200184.82964853
550860.034327186,200184.87382418
550860.16418426,200184.918000223
550860.294041332,200184.962176267
550860.441656838,200185.021372751
550860.571513913,200185.065548792
550860.700261106,200185.109724852
550860.848986159,200185.153900469
550860.977732368,200185.153897599
550861.107589778,200185.21309447
550861.255204616,200185.242249272
550861.385061692,200185.286425305
550861.496050789,200185.330601756
550861.625907865,200185.374777784
550861.773523038,200185.418953417
550861.921137877,200185.44810821
550862.069862617,200185.47814656
550862.180851714,200185.522323007
550862.180851714,200185.522323007
550862.458323967,200185.610674652
550862.458323967,200185.610674652
550862.605938807,200185.639829442
550862.883410724,200185.713160247
550863.031025583,200185.743198611
550863.197508404,200185.772352977
550863.346233124,200185.801507734
550863.45722256,200185.860705002
550863.585969759,200185.904881035
550863.734694482,200185.93403579
550863.882309995,200185.993232232
550863.993298759,200186.02238783
550864.140913937,200186.066563439
550864.289638679,200186.096601767
550864.437254175,200186.154914624
550864.584869036,200186.184952973
550864.733594097,200186.229128551
550864.881209276,200186.27330415
550865.028824773,200186.331616999
550865.195307932,200186.375792171
550865.344032993,200186.419967742
550865.472780194,200186.464143758
550865.621505255,200186.508319326
550865.750252796,200186.567516168
550865.898977858,200186.61169173
550866.02772506,200186.655867742
550866.02772506,200186.655867742
550866.28743889,200186.729198882
550866.435054411,200186.788395292
550866.564911158,200186.817550444
550866.73139432,200186.8617256
550866.842383763,200186.920922828
550866.953372531,200186.950078403
550867.100987714,200186.99425398
550867.248602899,200187.038429553
550867.378459667,200187.068468277
550867.508316753,200187.11264425
550867.637063959,200187.156820243
550867.785789342,200187.215133033
550867.933404528,200187.259308598
550868.063261297,200187.289347317
550868.192008823,200187.347660552
550868.340733889,200187.391836087
550868.469481774,200187.46605372
550868.618206842,200187.510229251
550868.746954049,200187.554405235
550868.87681146,200187.612718434
550869.006668548,200187.656894389
550869.154284076,200187.71609076
550869.284141506,200187.775287535
550869.284141506,200187.775287535
550869.542745805,200187.863639457
550869.690361314,200187.921952247
550869.839086066,200187.95199052
550869.986701255,200187.996166064
550870.116558347,200188.040342008
550870.245305558,200188.084517973
550870.394030629,200188.128693484
550870.541645479,200188.157848201
550870.68926067,200188.202023735
550870.819117422,200188.231178852
550870.966732615,200188.275354385
550871.115457686,200188.319529889
550871.263072878,200188.363705419
550871.392929972,200188.407881348
550871.521676864,200188.437920062
550871.688160038,200188.482095157
550871.83688543,200188.540407895
550871.984500625,200188.584583417
550871.984500625,200188.584583417
550872.261972593,200188.658797618
550872.409587444,200188.687952319
550872.558312862,200188.747148624
550872.705927714,200188.776303323
550872.816916831,200188.820479669
550872.816916831,200188.820479669
550873.113257102,200188.908830664
550873.260872299,200188.95300617
550873.390729396,200188.99718208
550873.390729396,200188.99718208
550873.519476612,200189.041358013
550873.815816886,200189.129708992
550873.963432082,200189.173884493
550874.093289182,200189.218060395
550874.093289182,200189.218060395
550874.370761821,200189.321432603
550874.51837702,200189.365608098
550874.66710242,200189.423920798
550874.795849317,200189.453959486
550874.925706417,200189.498135379
550875.073321616,200189.542310868
550875.222047019,200189.60062356
550875.333036141,200189.644799882
550875.480651018,200189.674838131
550875.61050812,200189.71901402
550875.72149791,200189.792348378
550875.869113453,200189.851544663
550876.016728311,200189.880699331
550876.127717434,200189.924875644
550876.257574881,200189.984072333
550876.405190407,200190.042385036
550876.405190407,200190.042385036
550876.664904615,200190.130736786
550876.775894084,200190.189933899
550876.775894084,200190.189933899
550876.904641652,200190.249130607
550877.164356875,200190.381661188
550877.275346671,200190.454995526
550877.275346671,200190.454995526
550877.515084038,200190.587526555
550877.644941814,200190.660860454
550877.644941814,200190.660860454
550877.903547162,200190.793391038
550877.903547162,200190.793391038
550878.144394414,200190.925922022
550878.255384561,200191.014277148
550878.385242361,200191.088494611
550878.51399026,200191.161828517
550878.607221965,200191.23516324
550878.718212113,200191.323518357
550878.829201939,200191.397736243
550878.829201939,200191.397736243
550879.051182566,200191.588583691
550879.143304414,200191.662802008
550879.254294894,200191.76529434
550879.365285048,200191.853649443
550879.365285048,200191.853649443
550879.55063963,200192.04538129
550879.642762156,200192.148757626
550879.734884336,200192.237113157
550879.845874824,200192.339605473
550879.939107582,200192.458002575
550879.939107582,200192.458002575
550880.123352276,200192.648850846
550880.216584691,200192.752227142
550880.308707554,200192.869740686
550880.419698069,200192.973116563
550880.494062159,200193.061472489
550880.586184698,200193.1648488
550880.678307218,200193.267341533
550880.789298088,200193.385738204
550880.863662182,200193.474094122
550880.955784706,200193.576586848
550881.049016781,200193.664942323
550881.141139678,200193.783339419
550881.252130184,200193.885831697
550881.344252734,200193.989207989
550881.437484464,200194.062542657
550881.510738683,200194.150898589
550881.621729216,200194.254274434
550881.621729216,200194.254274434
550881.84370993,200194.446005318
550881.936942017,200194.534360773
550881.936942017,200194.534360773
550882.140054407,200194.711071288
550882.251044594,200194.799426321
550882.362034782,200194.887781349
550882.454156638,200194.961116024
550882.565146475,200195.034450254
550882.676136332,200195.108668056
550882.805994149,200195.182001837
550882.916983989,200195.255336059
550883.027973848,200195.329553857
550883.138963335,200195.387867279
550883.268821175,200195.46208463
550883.268821175,200195.46208463
550883.527426604,200195.594614972
550883.638416091,200195.65292839
550883.749405601,200195.712125378
550883.879263425,200195.78545914
550884.008011032,200195.84465571
550884.156736504,200195.903851802
550884.267725995,200195.962165209
550884.396473605,200196.021361771
550884.526331096,200196.080558308
550884.67394702,200196.153891635
550884.784935826,200196.183047027
550884.784935826,200196.183047027
550885.044650457,200196.286419289
550885.211134363,200196.359752164
550885.339881623,200196.40392792
550885.450870448,200196.433966882
550885.561859942,200196.492280271
550885.691717083,200196.536455999
550885.691717083,200196.536455999
550885.988057441,200196.624806581
550886.099046602,200196.66898275
550886.227793862,200196.713158498
550886.357651359,200196.772355007
550886.52413458,200196.816529858
550886.635123742,200196.860706021
550886.764980528,200196.889860947
550886.89372779,200196.934036689
550887.023585288,200196.993233191
550887.171200529,200197.03740848
550887.319925653,200197.081583741
550887.448672914,200197.125759474
550887.578530058,200197.169935182
550887.708387559,200197.229131676
550887.856002803,200197.273306957
550887.985859948,200197.31748266
550888.114606854,200197.346637601
550888.22559602,200197.390813748
550888.374321502,200197.450009787
550888.521936747,200197.494185061
550888.651793892,200197.538360755
550888.7805408,200197.56751569
550888.910397946,200197.611691382
550888.910397946,200197.611691382
550889.187870338,200197.700042343
550889.317727128,200197.729197245
550889.317727128,200197.729197245
550889.595199522,200197.817548196
550889.761682749,200197.861723007
550889.761682749,200197.861723007
550889.890430374,200197.9209195
550890.150144313,200197.99425008
550890.29775956,200198.038425334
550890.29775956,200198.038425334
550890.611858035,200198.126775391
550890.72284651,200198.141793526
550890.871571639,200198.185968749
550891.01918689,200198.230143998
550891.166802138,200198.274319244
550891.296659288,200198.318494912
550891.407648101,200198.347650249
550891.55526335,200198.391825491
550891.55526335,200198.391825491
550891.832735751,200198.480176396
550891.981460883,200198.524351608
550892.110208155,200198.568527295
550892.258933646,200198.627723283
550892.406548537,200198.656877737
550892.406548537,200198.656877737
550892.684021303,200198.760249401
550892.813878096,200198.789404276
550892.942625728,200198.848600734
550892.942625728,200198.848600734
550893.257833735,200198.921929928
550893.386581008,200198.966105604
550893.516438525,200199.025302026
550893.516438525,200199.025302026
550893.812778914,200199.113652434
550893.812778914,200199.113652434
550894.052515003,200199.186983421
550894.218997899,200199.21702098
550894.348855055,200199.261196617
550894.496469951,200199.290351052
550894.645195087,200199.334526236
550894.773942363,200199.378701896
550894.9226675,200199.422877077
550894.9226675,200199.422877077
550895.217898012,200199.511227485
550895.347754809,200199.540382339
550895.477611968,200199.584557965
550895.625227225,200199.628733163
550895.772842142,200199.658771164
550895.772842142,200199.658771164
550896.05031456,200199.747121979
550896.180171719,200199.791297599
550896.327786978,200199.835472791
550896.476511757,200199.864627182
550896.624127014,200199.90880237
550896.735116195,200199.95297844
550896.882731455,200199.997153625
550897.031456595,200200.041328783
550897.179071854,200200.085503965
550897.326687116,200200.129679145
550897.456544278,200200.173854751
550897.58640144,200200.218030361
550897.734017064,200200.277226305
550897.881632666,200200.335538675
550898.030357468,200200.365576626
550898.14134665,200200.40975268
550898.270094275,200200.4680655
550898.436577516,200200.512240214
550898.58530266,200200.556415353
550898.714050307,200200.615611742
550898.825039491,200200.659787791
550898.973765,200200.718983692
550898.973765,200200.718983692
550899.268995527,200200.807334011
550899.398852331,200200.836488833
550899.528709495,200200.880664417
550899.695192741,200200.924839114
550899.842808007,200200.969014265
550900.009291252,200201.013188961
550900.101412822,200201.07238622
550900.23126999,200201.116561799
550900.397753579,200201.174873677
550900.397753579,200201.174873677
550900.694093993,200201.263223935
550900.694093993,200201.263223935
550900.971566795,200201.366595412
550901.119182063,200201.410770551
550901.119182063,200201.410770551
550901.396655207,200201.528279204
550901.544270476,200201.572454338
550901.674128376,200201.646671427
550901.674128376,200201.646671427
550901.97046914,200201.749158844
550901.97046914,200201.749158844
550902.229073602,200201.837509983
550902.376689238,200201.896705867
550902.506546775,200201.955902181
550902.654161681,200201.98505654
550902.78401922,200202.04425285
550902.913876392,200202.0884284
550903.061492009,200202.146740699
550903.227975262,200202.190915354
550903.357832436,200202.235090897
550903.505447364,200202.265128823
550903.653062637,200202.309303929
550903.801788137,200202.367616196
550903.930535431,200202.41179176
550904.079260242,200202.441829652
550904.20800788,200202.500142399
550904.374490791,200202.530179855
550904.523215947,200202.574354927
550904.670831221,200202.618530025
550904.800688399,200202.662705554
550904.948304018,200202.721017832
550905.114787275,200202.765192463
550905.262402551,200202.809367555
550905.262402551,200202.809367555
550905.41112771,200202.853542617
550905.539875004,200202.897718167
550905.92833774,200203.07442344
550906.05819492,200203.118598957
550906.188052098,200203.16277447
550906.354535725,200203.221969841
550906.502151004,200203.266144919
550906.649765916,200203.295299238
550906.798491076,200203.339474285
550906.927238377,200203.383649818
550907.057095925,200203.442846077
550907.057095925,200203.442846077
550907.353436368,200203.531196186
550907.482183668,200203.575371713
550907.63090883,200203.619546751
550907.63090883,200203.619546751
550907.945007005,200203.692875659
550907.945007005,200203.692875659
550908.22247947,200203.78122621
550908.370094752,200203.825401268
550908.536578384,200203.884596613
550908.685303549,200203.928771637
550908.851786096,200203.943788298
550908.980533746,200204.002100988
550909.129258912,200204.046276008
550909.276873848,200204.076313882
550909.424489133,200204.120488926
550909.554346317,200204.164664408
550909.68420422,200204.23799781
550909.831819506,200204.282172849
550909.979435161,200204.341368636
550910.128160676,200204.399680821
550910.256907633,200204.429719149
550910.405633149,200204.488031327
550910.534380455,200204.532206825
550910.719731702,200204.576380924
550910.83072091,200204.620556856
550910.978335849,200204.650594711
550911.127061367,200204.708906883
550911.274676656,200204.753081906
550911.422291943,200204.797256931
550911.552148784,200204.827295216
550911.718632053,200204.871469772
550911.86624769,200204.929781962
550912.014972861,200204.973956952
550912.16258815,200205.018131967
550912.292445712,200205.077328162
550912.440061374,200205.136523917
550912.587676665,200205.180698926
550912.736402186,200205.239011077
550912.884017128,200205.269048914
550913.013874321,200205.31322436
550913.161489612,200205.35739936
550913.309104904,200205.401574364
550913.457830427,200205.459886506
550913.586577739,200205.504061973
550913.586577739,200205.504061973
550913.864050225,200205.592412403
550914.030533499,200205.636586932
550914.179258674,200205.680761896
550914.308005988,200205.724937353
550914.456731164,200205.769112316
550914.604346829,200205.828308044
550914.751962497,200205.887503769
550914.900687673,200205.931678725
550915.029434989,200205.975854177
550915.178160515,200206.034166294
550915.325776186,200206.093362012
550915.473391481,200206.13753699
550915.622116658,200206.181711938
550915.750863975,200206.225887382
550915.899589153,200206.270062327
550916.02833647,200206.314237768
550916.213688102,200206.373432534
550916.361303751,200206.431744669
550916.491160951,200206.475920075
550916.62101815,200206.52009548
550916.787501429,200206.564269973
550916.935116729,200206.608444936
550917.082732028,200206.652619895
550917.193721622,200206.711816501
550917.342446428,200206.740970694
550917.490062103,200206.800166384
550917.637677404,200206.844341338
550917.786402586,200206.888516262
550917.915149908,200206.932691683
550918.063875464,200206.991887335
550918.211491118,200207.050199446
550918.35910642,200207.094374388
550918.488963622,200207.138549775
550918.636578572,200207.168587558
550918.78530411,200207.226899631
550918.951787768,200207.28609483
550919.080534716,200207.315249507
550919.191524316,200207.374446089
550919.358007975,200207.433641283
550919.50673316,200207.477816189
550919.654348465,200207.521991116
550919.78420567,200207.56616649
550919.9318206,200207.595320688
550920.079435906,200207.639495614
550920.228161092,200207.683670512
550920.375776399,200207.727845434
550920.523391705,200207.772020357
550920.653248536,200207.801174991
550920.819732199,200207.860370166
550920.967347506,200207.904545082
550921.116072318,200207.933699244
550921.244819645,200207.97787463
550921.393544834,200208.022049516
550921.560028122,200208.066223953
550921.688775826,200208.125420062
550921.837501016,200208.169594941
550921.966248344,200208.213770321
550922.114973912,200208.272965924
550922.243721241,200208.317141299
550922.410204531,200208.361315728
550922.540061742,200208.405491072
550922.669918953,200208.449666417
550922.798666282,200208.493841786
550922.965149928,200208.552153361
550923.095007517,200208.611349422
550923.095007517,200208.611349422
550923.353612437,200208.714720848
550923.502337632,200208.758895708
550923.631084962,200208.80307107
550923.797568612,200208.86138263
550923.946293451,200208.891420337
550923.946293451,200208.891420337
550924.204897997,200208.979771019
550924.352513666,200209.038083048
550924.352513666,200209.038083048
550924.518996961,200209.082257449
550924.759844524,200209.214787161
550924.945195443,200209.244823933
550924.945195443,200209.244823933
550925.203800351,200209.347311744
550925.333657946,200209.406507778
550925.48127364,200209.465703364
550925.628889313,200209.524015375
550925.777614512,200209.568190208
550925.906361491,200209.598228397
550926.036219068,200209.656540852
550926.183834764,200209.715736428
550926.332560342,200209.774931973
550926.332560342,200209.774931973
550926.591164899,200209.863282602
550926.738780217,200209.907457456
550926.887506156,200209.980790139
550927.016253495,200210.024965463
550927.164979075,200210.084160997
550927.312594754,200210.142472983
550927.442451974,200210.186648276
550927.590067675,200210.245843832
550927.737682997,200210.290018672
550927.867539839,200210.319173241
550927.99739706,200210.36334853
550928.163880743,200210.422543599
550928.311496445,200210.481739146
550928.441353668,200210.525914428
550928.441353668,200210.525914428
550928.699958593,200210.628402155
550928.699958593,200210.628402155
550929.032925964,200210.746792272
550929.032925964,200210.746792272
550929.310398133,200210.820121654
550929.458014198,200210.893454329
550929.587871804,200210.952650307
550929.754355492,200211.011845355
550929.884213077,200211.07015776
550930.012960423,200211.114333051
550930.161686012,200211.173528544
550930.328169702,200211.232723583
550930.475785029,200211.276898389
550930.586774635,200211.335211265
550930.734389963,200211.37938607
550930.864247191,200211.423561322
550931.030730884,200211.482756352
550931.160588112,200211.526931601
550931.289335843,200211.586127588
550931.289335843,200211.586127588
550931.585677126,200211.703634997
550931.585677126,200211.703634997
550931.863150429,200211.821142875
550931.97413968,200211.865318596
550932.10399691,200211.909493837
550932.251613008,200211.983710035
550932.3992287,200212.042021955
550932.529086317,200212.101217894
550932.640075568,200212.145393612
550932.769933184,200212.204589548
550932.917548517,200212.248764326
550933.06516385,200212.292939099
550933.176153103,200212.337114808
550933.306010337,200212.381290035
550933.435867572,200212.42546526
550933.583482521,200212.454619322
550933.731097855,200212.498794091
550933.731097855,200212.498794091
550933.971943598,200212.557987173
550934.101801195,200212.616299527
550934.249416529,200212.660474285
550934.249416529,200212.660474285
550934.490263021,200212.748825197
550934.601252661,200212.808021599
550934.767735979,200212.85219587
550934.767735979,200212.85219587
550935.026340957,200212.955567019
550935.156197809,200212.984721521
550935.156197809,200212.984721521
550935.284945166,200213.028896756
550935.562417356,200213.102226004
550935.673406613,200213.14640169
550935.784395124,200213.161419542
550935.914251613,200213.176436909
550936.061866566,200213.20559095
550936.172854691,200213.205588101
550936.321578776,200213.205584283
550936.321578776,200213.205584283
550936.561313123,200213.205578129
550936.691168479,200213.176416967
550936.821023813,200213.146372237
550936.949769288,200213.117211106
550937.042998565,200213.088050886
550937.153985917,200213.058006641
550937.282731394,200213.028845512
550937.412586366,200212.984663656
550937.412586366,200212.984663656
550937.634561096,200212.925458743
550937.745548086,200212.881277376
550937.837666736,200212.822959366
550937.837666736,200212.822959366
550938.004145889,200212.704556664
550938.004145889,200212.704556664
550938.115130258,200212.557881133
550938.170622059,200212.469522675
550938.20835576,200212.38116467
550938.226111601,200212.292807176
550938.244977687,200212.21858678
550938.244975429,200212.130229743
550938.24497394,200212.071914097
550938.24497394,200212.071914097
550938.208344091,200211.924358776
550938.17060662,200211.865160522
550938.17060662,200211.865160522
550938.059615497,200211.747648489
550937.986361827,200211.688451141
550937.930866279,200211.630136907
550937.856502345,200211.555918884
550937.782139176,200211.511742258
550937.690017165,200211.438408257
550937.579027535,200211.379211862
550937.468037162,200211.290857637
550937.357047916,200211.24668194
550937.246058309,200211.188369107
550937.135068678,200211.129172708
550937.005211451,200211.084997481
550936.876463363,200211.0116644
550936.765473736,200210.952467993
550936.635616509,200210.908292765
550936.635616509,200210.908292765
550936.377011198,200210.790784443
550936.247153971,200210.746609207
550936.247153971,200210.746609207
550936.117296363,200210.687413271
550935.858691413,200210.584042067
550935.71107609,200210.539867278
550935.562350884,200210.495692513
550935.414735202,200210.437380591
550935.414735202,200210.437380591
550935.173888735,200210.349029621
550935.026273031,200210.289834121
550934.896415808,200210.24565887
550934.748800486,200210.20148407
550934.618943262,200210.157308817
550934.490195922,200210.113133536
550934.490195922,200210.113133536
550934.193855398,200210.024783951
550934.063998176,200209.980608694
550933.935251216,200209.951454111
550933.935251216,200209.951454111
550933.657778294,200209.848083331
550933.509053093,200209.803908546
550933.380306134,200209.774753958
550933.250448913,200209.730578693
550933.102833594,200209.686403872
550932.954108394,200209.642229081
550932.806493075,200209.598054257
550932.676635855,200209.553878986
550932.676635855,200209.553878986
550932.38140484,200209.450508628
550932.232680021,200209.421354534
550932.085064702,200209.377179703
550931.937449741,200209.347142008
550931.788724542,200209.302967204
550931.788724542,200209.302967204
550931.493493909,200209.214617534
550931.344768712,200209.170442723
550931.216021021,200209.112130272
550931.067296179,200209.082092595
550930.919680508,200209.023780616
550930.772065549,200208.993742911
550930.642208334,200208.94956762
550930.512350763,200208.891255186
550930.364735449,200208.847080337
550930.217120134,200208.802905487
550930.08726292,200208.758730188
550929.957405706,200208.71455489
550929.809790393,200208.670380034
550929.662174702,200208.611184465
550929.513449508,200208.567009636
550929.384702554,200208.537855015
550929.384702554,200208.537855015
550929.10723003,200208.449504848
550928.958504837,200208.40533001
550928.829757506,200208.361154672
550928.699900294,200208.316979359
550928.570043083,200208.272804046
550928.422427396,200208.213608462
550928.274812086,200208.169433589
550928.126087271,200208.140279458
550927.997339942,200208.096104111
550927.997339942,200208.096104111
550927.700999065,200207.992733668
550927.553383757,200207.94855879
550927.404658567,200207.904383935
550927.27591124,200207.860208581
550927.127185673,200207.801013008
550926.979570012,200207.742700978
550926.849712803,200207.698525645
550926.849712803,200207.698525645
550926.70209785,200207.668487902
550926.405757356,200207.580138149
550926.258142049,200207.535963254
550926.258142049,200207.535963254
550925.980669912,200207.462633738
550925.83305423,200207.40343812
550925.684329044,200207.359263247
550925.536713739,200207.315088346
550925.536713739,200207.315088346
550925.278109585,200207.241758346
550925.129384398,200207.197583466
550924.98176872,200207.138387838
550924.834153417,200207.094212928
550924.704296213,200207.050037578
550924.574439008,200207.005862221
550924.426823352,200206.94755016
550924.279208051,200206.903375243
550924.149350474,200206.844179161
550924.001735545,200206.815024962
550923.871878343,200206.770849601
550923.724262666,200206.711653959
550923.575537859,200206.682499786
550923.427922183,200206.623304135
550923.316933337,200206.594149023
550923.169317663,200206.534953369
550923.020592108,200206.475757746
550922.872976809,200206.431582815
550922.743119608,200206.38740744
550922.595504682,200206.35825323
550922.465647855,200206.329098578
550922.318032558,200206.28492364
550922.170416885,200206.225727978
550922.040559685,200206.181552595
550921.910702487,200206.137377214
550921.763087188,200206.093202269
550921.615471892,200206.049027325
550921.466746714,200206.004852405
550921.337999398,200205.96067699
550921.189274219,200205.916502069
550921.041659295,200205.887347845
550920.894043999,200205.843172894
550920.745318822,200205.798997966
550920.597703526,200205.754823012
550920.46784668,200205.724784769
550920.301363403,200205.680610279
550920.153748108,200205.63643532
550920.006132814,200205.592260357
550919.876275619,200205.548084956
550919.728660325,200205.503909992
550919.562176701,200205.445598334
550919.413451526,200205.401423392
550919.265836233,200205.357248421
550919.135979039,200205.313073014
550918.988363746,200205.26889804
550918.821880474,200205.224723533
550918.692022909,200205.165527386
550918.544407618,200205.121352407
550918.396792696,200205.09219816
550918.248067153,200205.033002474
550918.100451862,200204.988827493
550917.952836201,200204.929631775
550917.82297901,200204.885456352
550917.693121818,200204.841280926
550917.5266382,200204.78296924
550917.5266382,200204.78296924
550917.249165349,200204.679598086
550917.120418041,200204.635422626
550916.971692501,200204.576226923
550916.824076863,200204.517914764
550916.676461576,200204.473739764
550916.546604388,200204.429564329
550916.546604388,200204.429564329
550916.250263563,200204.326193613
550916.102647906,200204.26699787
550915.95503262,200204.222822862
550915.825175802,200204.193668155
550915.677560517,200204.149493144
550915.677560517,200204.149493144
550915.528835349,200204.105318158
550915.214736429,200204.001947856
550915.084879613,200203.972793141
550914.937264328,200203.928618124
550914.789648675,200203.869422363
550914.789648675,200203.869422363
550914.493308225,200203.781072345
550914.36345141,200203.751917627
550914.36345141,200203.751917627
550914.049352495,200203.648547297
550913.901736866,200203.590235099
550913.771879681,200203.546059634
550913.771879681,200203.546059634
550913.494407217,200203.457709131
550913.346791934,200203.413534094
550913.198066772,200203.369359085
550913.050451837,200203.339321216
550912.920594655,200203.29514574
550912.754111394,200203.250971161
550912.606496114,200203.206796116
550912.458880488,200203.148483903
550912.329023653,200203.118445592
550912.181408028,200203.060133373
550912.032682868,200203.015958352
550912.032682868,200203.015958352
550911.737452311,200202.927608247
550911.588727151,200202.883433218
550911.459979852,200202.839257703
550911.293496596,200202.795083104
550911.144771069,200202.735887329
550910.997155792,200202.691712267
550910.867298981,200202.662557517
550910.719683337,200202.603361706
550910.57206806,200202.559186642
550910.423342537,200202.499990854
550910.275727627,200202.470836532
550910.164738431,200202.426660568
550910.017122789,200202.367464751
550909.868397633,200202.323289703
550909.720782014,200202.264977455
550909.59092484,200202.220801944
550909.443309566,200202.176626866
550909.295694635,200202.14658896
550909.146969136,200202.088276732
550908.999354207,200202.058238822
550908.869497031,200202.014063309
550908.740749739,200201.969887763
550908.592024585,200201.925712703
550908.444409314,200201.881537611
550908.31455214,200201.83736209
550908.185804849,200201.79318654
550908.03708006,200201.764032225
550907.889464425,200201.704836378
550907.759607252,200201.660660851
550907.759607252,200201.660660851
550907.482134811,200201.572310222
550907.353387521,200201.528134662
550907.186903927,200201.469822839
550907.038178413,200201.410627009
550906.909431123,200201.366451443
550906.760705974,200201.322276363
550906.61309034,200201.263080498
550906.465474728,200201.204768208
550906.316749581,200201.16059312
550906.188002292,200201.116417552
550906.058145124,200201.072242004
550905.910529493,200201.013046132
550905.744046246,200200.968871467
550905.614188715,200200.909675161
550905.466573448,200200.865500039
550905.355584262,200200.821324028
550905.20685841,200200.747990993
550905.059243144,200200.703815863
550904.911628242,200200.67466149
550904.762903096,200200.630486385
550904.634155812,200200.586310798
550904.485430304,200200.527114933
550904.337815039,200200.482939798
550904.337815039,200200.482939798
550904.060342611,200200.394589093
550903.912727349,200200.350413952
550903.764002204,200200.30623884
550903.616386942,200200.262063695
550903.468772043,200200.232909309
550903.320046898,200200.188734188
550903.172431977,200200.158696227
550903.024816716,200200.114521078
550903.024816716,200200.114521078
550902.728476673,200200.041191563
550902.580861413,200199.997016408
550902.432136269,200199.952841281
550902.432136269,200199.952841281
550902.136905749,200199.864490965
550901.988180969,200199.835336594
550901.859433688,200199.791160977
550901.69295009,200199.731965508
550901.526466849,200199.687790798
550901.396609689,200199.643615201
550901.266752891,200199.614460372
550901.119137272,200199.555264437
550900.952654033,200199.511089722
550900.805038415,200199.451893785
550900.656313637,200199.422739402
550900.52756636,200199.378563772
550900.378841222,200199.334388622
550900.378841222,200199.334388622
550900.064742368,200199.231017951
550899.93488521,200199.186842341
550899.806137934,200199.142666706
550899.639654699,200199.098491972
550899.509797542,200199.05431636
550899.509797542,200199.05431636
550899.232325132,200198.965965559
550899.084709877,200198.921790366
550898.918226304,200198.863478431
550898.76950081,200198.804282495
550898.640753536,200198.760106845
550898.492028401,200198.715931674
550898.344412789,200198.656735706
550898.1967972,200198.598423311
550898.1967972,200198.598423311
550897.919324434,200198.495051707
550897.78946728,200198.450876075
550897.64185167,200198.391680097
550897.64185167,200198.391680097
550897.345510592,200198.274171737
550897.215653798,200198.24501687
550897.06803819,200198.185820884
550896.920422582,200198.126624895
550896.790565093,200198.068312058
550896.642949485,200198.009116064
550896.513092336,200197.964940419
550896.513092336,200197.964940419
550896.216751957,200197.876589996
550896.216751957,200197.876589996
550895.921521462,200197.788239543
550895.921521462,200197.788239543
550895.625181444,200197.71490988
550895.477566197,200197.670734646
550895.347709048,200197.62655899
550895.200093802,200197.582383753
550895.051368674,200197.538208542
550894.922621745,200197.508170055
550894.756138519,200197.463995264
550894.607413391,200197.419820047
550894.478666484,200197.390665131
550894.329941001,200197.331469137
550894.182325757,200197.287293891
550894.034710511,200197.243118642
550893.90485303,200197.18480577
550893.757238123,200197.154767721
550893.608513354,200197.125613269
550893.460897754,200197.06641724
550893.313282511,200197.022241985
550893.164557743,200196.993087532
550893.164557743,200196.993087532
550892.905952981,200196.889715364
550892.739469759,200196.845540548
550892.591854518,200196.801365286
550892.591854518,200196.801365286
550892.332140232,200196.713013914
550892.18452499,200196.668838645
550892.18452499,200196.668838645
550891.888184294,200196.566350925
550891.740569387,200196.536312858
550891.610711913,200196.477999957
550891.463096673,200196.433824682
550891.315481078,200196.374628622
550891.166755958,200196.330453368
550891.038008699,200196.286277642
550890.908151559,200196.242101938
550890.741668342,200196.197927101
550890.594053104,200196.153751814
550890.445327985,200196.109576553
550890.316581081,200196.080421604
550890.167855963,200196.036246339
550890.020240373,200195.977050263
550889.872625136,200195.932874969
550889.723900373,200195.903720484
550889.612910861,200195.844523541
550889.465295625,200195.800348242
550889.317680743,200195.771193727
550889.168955273,200195.711997667
550889.021340037,200195.667822365
550888.910351235,200195.638666983
550888.762736,200195.594491677
550888.614010886,200195.550316399
550888.466395652,200195.506141089
550888.466395652,200195.506141089
550888.188923616,200195.43192726
550888.022440402,200195.387752391
550887.855957191,200195.343577519
550887.708341957,200195.299402204
550887.578484823,200195.255226467
550887.448627357,200195.196913519
550887.301011773,200195.137717407
550887.153396895,200195.108562875
550887.153396895,200195.108562875
550886.87592453,200195.020211808
550886.746067399,200194.976036065
550886.579583835,200194.916840389
550886.431968605,200194.872665057
550886.302111474,200194.828489309
550886.191122322,200194.784313115
550886.043506741,200194.725116989
550885.894781298,200194.666804464
550885.76603405,200194.622628682
550885.636176569,200194.563432134
550885.636176569,200194.563432134
550885.377571508,200194.445922581
550885.228846047,200194.386726472
550885.081230469,200194.327530329
550884.95137301,200194.269217349
550884.84038351,200194.210020349
550884.84038351,200194.210020349
550884.545152377,200194.09251163
550884.41529422,200194.004157053
550884.304304721,200193.944960047
550884.174447245,200193.885763476
550884.045698969,200193.797408865
550883.915841165,200193.724075074
550883.785983009,200193.635720484
550883.785983009,200193.635720484
550883.58287132,200193.488167995
550883.453012839,200193.38567618
550883.324264897,200193.311458773
550883.324264897,200193.311458773
550883.120042324,200193.120611056
550883.009052157,200193.032256012
550882.89806164,200192.928880163
550882.769313026,200192.825504729
550882.658322532,200192.723012455
550882.547332697,200192.648794619
550882.454100303,200192.546301928
550882.343109444,200192.427905272
550882.232118956,200192.325412987
550882.139996426,200192.222036688
550882.047874248,200192.133681183
550881.936883742,200192.030305315
550881.843651008,200191.91279181
550881.843651008,200191.91279181
550881.640537658,200191.691902401
550881.640537658,200191.691902401
550881.455183084,200191.500170591
550881.326434163,200191.382657894
550881.196575361,200191.265145217
550881.122210945,200191.161768484
550881.122210945,200191.161768484
550880.919098629,200190.985057861
550880.826976119,200190.88168153
550880.715985304,200190.764168404
550880.60499516,200190.675813301
550880.511763461,200190.60247859
550880.511763461,200190.60247859
550880.289783502,200190.439905597
550880.178792694,200190.32239246
550880.178792694,200190.32239246
550879.994549045,200190.174839392
550879.864690929,200190.086484707
550879.753700793,200189.998129586
550879.623843365,200189.939816496
550879.512853231,200189.85146137
550879.420731743,200189.792263843
550879.420731743,200189.792263843
550879.162126409,200189.65973325
550879.032268963,200189.600536577
550878.940147497,200189.542222619
550878.810290055,200189.483025943
550878.810290055,200189.483025943
550878.551684383,200189.335474525
550878.551684383,200189.335474525
550878.310837498,200189.217964307
550878.180980057,200189.158767621
550878.052232515,200189.100454487
550878.052232515,200189.100454487
550877.774759536,200188.982061508
550877.663770417,200188.937885193
550877.53391332,200188.893709303
550877.386297802,200188.835396589
550877.386297802,200188.835396589
550877.089957529,200188.747045637
550877.089957529,200188.747045637
550876.831353217,200188.658693822
550876.70149612,200188.614517926
550876.553880925,200188.570342431
550876.424023831,200188.52616653
550876.294166735,200188.481990627
550876.294166735,200188.481990627
550876.035562746,200188.407776029
550876.035562746,200188.407776029
550875.73922248,200188.319425047
550875.610475265,200188.275249115
550875.480618171,200188.231073204
550875.333002979,200188.186897696
550875.203145566,200188.12858455
550875.055530694,200188.098546272
550874.94454158,200188.05436993
550874.795816508,200188.010194439
550874.795816508,200188.010194439
550874.518344226,200187.921843006
550874.389596694,200187.863529822
550874.259739602,200187.8193539
550874.259739602,200187.8193539
550873.963399342,200187.731002881
550873.815783814,200187.67180654
550873.685927063,200187.642651427
550873.574937952,200187.59847507
550873.427322763,200187.55429954
550873.260839597,200187.510124434
550873.130982167,200187.450927685
550873.002234959,200187.406751725
550872.872378209,200187.377596603
550872.724762684,200187.31840025
550872.576037956,200187.289245551
550872.428422429,200187.230049194
550872.298565681,200187.200894069
550872.298565681,200187.200894069
550872.021093406,200187.11254258
550871.873478539,200187.08250427
550871.743621134,200187.024191084
550871.596006269,200186.994152774
550871.485017162,200186.949976397
550871.318533998,200186.905801268
550871.188676912,200186.861625315
550871.041061411,200186.803312518
550870.930072302,200186.759136138
550870.78245712,200186.714960578
550870.633731717,200186.655764225
550870.486116873,200186.626609482
550870.35625979,200186.58243352
550870.227512586,200186.53825753
550870.078787187,200186.479061168
550869.931172004,200186.434885601
550869.931172004,200186.434885601
550869.653699085,200186.317375996
550869.523842321,200186.287337266
550869.395094802,200186.229024026
550869.228611307,200186.169828051
550869.098754225,200186.125652075
550868.968897143,200186.081476096
550868.840149607,200186.02227927
550868.69142423,200185.963966467
550868.543808716,200185.904770059
550868.413951635,200185.860594078
550868.302962534,200185.816417669
550868.174215336,200185.772241658
550868.007731844,200185.713045663
550867.877874765,200185.668869674
550867.730259924,200185.639714903
550867.600402846,200185.595538911
550867.470545767,200185.551362916
550867.322930256,200185.492166492
550867.193073177,200185.447990494
550867.064325666,200185.389677225
550866.93446859,200185.345501223
550866.786853415,200185.301325619
550866.638128359,200185.257150038
550866.509381163,200185.212974007
550866.360656108,200185.168798423
550866.360656108,200185.168798423
550866.102051838,200185.080446382
550865.954436665,200185.036270768
550865.805711611,200184.992095175
550865.676964417,200184.947919139
550865.547107343,200184.903743123
550865.399492171,200184.859567503
550865.250767117,200184.815391904
550865.250767117,200184.815391904
550864.973295188,200184.741177513
550864.84454833,200184.712022296
550864.695823277,200184.667846691
550864.548208107,200184.623671063
550864.40059327,200184.594516264
550864.270736512,200184.564477488
550864.140879439,200184.520301461
550863.99326427,200184.476125824
550863.845649101,200184.431950189
550863.69692405,200184.387774574
550863.568177193,200184.35861935
550863.419452143,200184.314443732
550863.271836976,200184.270268091
550863.124221807,200184.226092445
550862.994364737,200184.181916407
550862.864507667,200184.137740365
550862.716892832,200184.108585552
550862.550409354,200184.049389487
550862.420552617,200184.020234273
550862.420552617,200184.020234273
550862.143080694,200183.946019829
550861.995465216,200183.887706919
550861.995465216,200183.887706919
550861.699125004,200183.799355627
550861.57037813,200183.769316803
550861.440521062,200183.725140752
550861.440521062,200183.725140752
550861.144180852,200183.636789448
550860.996565375,200183.578476523
550860.866708308,200183.534300463
550860.737961436,200183.50426163
550860.58923639,200183.460085987
550860.441621228,200183.415910313
550860.294006065,200183.37173464
550860.183016979,200183.327558154
550860.034292267,200183.298403342
550859.886677105,200183.254227662
550859.739061611,200183.195031143
550859.590336898,200183.165876324
550859.461589717,200183.121700226
550859.331732984,200183.092544989
550859.184117824,200183.048369304
550859.035392451,200182.989172801
550858.887777291,200182.944997111
550858.757920227,200182.90082103
550858.629173045,200182.856644921
550858.480448005,200182.812469255
550858.332832846,200182.768293556
550858.185217687,200182.72411786
550858.055360625,200182.67994177
550857.925503565,200182.63576568
550857.777888407,200182.591589977
550857.777888407,200182.591589977
550857.500415858,200182.488217338
550857.370558799,200182.444041242
550857.241811621,200182.399865119
550857.093086583,200182.355689435
550856.945471426,200182.311513725
550856.945471426,200182.311513725
550856.704625617,200182.238181948
550856.575878109,200182.178984977
550856.446021053,200182.13480887
550856.298406227,200182.105653996
550856.205174916,200182.046456239
550856.076427739,200182.002280106
550855.946570683,200181.958103993
550855.79895522,200181.899791004
550855.650230184,200181.855615301
550855.521483319,200181.825576428
550855.521483319,200181.825576428
550855.261768898,200181.723086925
550855.114153417,200181.663890346
550854.966538264,200181.619714611
550854.83668121,200181.575538489
550854.725692134,200181.53136195
550854.725692134,200181.53136195
550854.429351622,200181.427989649
550854.30060414,200181.369676228
550854.170747395,200181.339637365
550854.040890033,200181.281323965
550854.040890033,200181.281323965
550853.763417176,200181.162930384
550853.634670005,200181.118754224
550853.634670005,200181.118754224
550853.37495623,200181.045422794
550853.227341081,200181.001247042
550853.097483702,200180.942050048
550852.96873686,200180.912894731
550852.96873686,200180.912894731
550852.709023086,200180.839563291
550852.709023086,200180.839563291
550852.431550563,200180.736190528
550852.283935415,200180.692014762
550852.154078692,200180.662859464
550852.154078692,200180.662859464
550851.87660617,200180.55948669
550851.728991025,200180.515310918
550851.581375878,200180.471135147
550851.451518831,200180.426958986
550851.321661785,200180.382782826
550851.174046006,200180.309448922
550851.026431169,200180.279410416
550851.026431169,200180.279410416
550850.766717075,200180.191058083
550850.766717075,200180.191058083
550850.471486482,200180.088569241
550850.341629436,200180.04439307
550850.341629436,200180.04439307
550850.083025534,200179.970177975
550849.934300204,200179.911864931
550849.786685062,200179.86768914
550849.656828017,200179.823512962
550849.528080854,200179.779336757
550849.39822381,200179.735160577
550849.268366767,200179.690984395
550849.120751627,200179.646808594
550848.990894583,200179.60263241
550848.862147422,200179.558456198
550848.732290379,200179.514280008
550848.602433338,200179.47010382
550848.454817873,200179.410907155
550848.454817873,200179.410907155
550848.196213671,200179.322554744
550848.06635663,200179.278378548
550847.918741492,200179.234202735
550847.770016796,200179.205047804
550847.622401336,200179.145851127
550847.492544618,200179.116695786
550847.36379746,200179.072519561
550847.233940096,200179.013322494
550847.086324637,200178.954125812
550846.956467294,200178.895812322
550846.956467294,200178.895812322
550846.697863402,200178.821597161
550846.697863402,200178.821597161
550846.420390601,200178.704086975
550846.271665585,200178.659911166
550846.142918429,200178.615734927
550846.013061393,200178.571558708
550845.883204033,200178.512361625
550845.735588595,200178.454048502
550845.605731559,200178.409872281
550845.458116425,200178.36569644
550845.347127047,200178.306498945
550845.199511915,200178.262323099
550845.050786579,200178.203126411
550844.903171447,200178.158950563
550844.773314413,200178.114774333
550844.64456726,200178.070598077
550844.64456726,200178.070598077
550844.348226814,200177.968109105
550844.218369459,200177.908912001
550844.218369459,200177.908912001
550843.959765596,200177.835580364
550843.812150145,200177.776383638
550843.663425135,200177.732207798
550843.515809685,200177.673011065
550843.515809685,200177.673011065
550843.238337846,200177.599679821
550843.090722396,200177.540483085
550842.941997388,200177.496307234
550842.794381957,200177.437994075
550842.66452523,200177.407955108
550842.516910104,200177.363779233
550842.369294676,200177.305466066
550842.220569668,200177.261290212
550842.091822519,200177.21711393
550841.943097815,200177.187075362
550841.814350364,200177.128761785
550841.665625358,200177.084585925
550841.499142255,200177.040410439
550841.370395108,200176.99623415
550841.221670102,200176.952058282
550841.221670102,200176.952058282
550840.926439534,200176.848685626
550840.77771453,200176.804509756
550840.648967704,200176.775354329
550840.51911068,200176.731178055
550840.371495237,200176.671981282
550840.222770233,200176.627805406
550840.075155111,200176.583629502
550839.964166382,200176.554473694
550839.83430904,200176.495276536
550839.686693917,200176.451100631
550839.539079115,200176.421945597
550839.409221772,200176.362748437
550839.279365067,200176.333593024
550839.150617925,200176.289416709
550839.001892923,200176.24524082
550838.873145782,200176.201064503
550838.873145782,200176.201064503
550838.595673939,200176.126849587
550838.465816917,200176.082673292
550838.318201798,200176.038497367
550838.318201798,200176.038497367
550838.02186168,200175.950145545
550837.910872338,200175.891831545
550837.763257219,200175.847655618
550837.614531903,200175.788458831
550837.466916786,200175.744282901
550837.337059766,200175.700106594
550837.208312627,200175.655930259
550837.05958763,200175.611754348
550836.911972513,200175.567578412
550836.764357398,200175.523402471
550836.634500697,200175.494247036
550836.504643678,200175.45007072
550836.357028563,200175.405894776
550836.227171227,200175.346697575
550836.079556113,200175.302521629
550835.949699412,200175.27336619
550835.838710057,200175.214168584
550835.691094943,200175.169992634
550835.543479829,200175.125816681
550835.394754835,200175.081640751
550835.283766115,200175.052484906
550835.155018662,200174.993287669
550835.006293353,200174.93409085
550834.858678241,200174.889914889
550834.728820927,200174.831601252
550834.728820927,200174.831601252
550834.617831576,200174.772403634
550834.340359134,200174.669030445
550834.19274341,200174.595696286
550834.062886397,200174.551519944
550833.951897047,200174.492322317
550833.951897047,200174.492322317
550833.712159658,200174.345652822
550833.712159658,200174.345652822
550833.47131237,200174.198099763
550833.360322726,200174.124764823
550833.249333063,200174.050546296
550833.119475127,200173.962190861
550833.008485172,200173.873835027
550832.897495531,200173.800500077
550832.78650589,200173.727165127
550832.694383601,200173.623788005
550832.583393648,200173.535432162
550832.472403087,200173.417918122
550832.380281114,200173.329561882
550832.287049556,200173.255342967
550832.194927291,200173.152849415
550832.194927291,200173.152849415
550831.972947083,200172.961116816
550831.917450878,200172.857738913
550831.861954987,200172.769381897
550831.787591118,200172.681025272
550831.714336213,200172.548489535
550831.639972054,200172.4459956
550831.584475855,200172.34261769
550831.510111387,200172.225102862
550831.473483168,200172.121724556
550831.399118391,200171.989188834
550831.362490177,200171.885810525
550831.306993381,200171.753274409
550831.288122975,200171.635758424
550831.288122975,200171.635758424
550831.232623446,200171.37068504
550831.214862616,200171.238148138
550831.177124238,200171.120632539
550831.159363703,200171.002232946
550831.140492707,200170.855558759
550831.121622002,200170.72302188
550831.103861183,200170.590484978
550831.103861183,200170.590484978
550831.103858461,200170.457947708
550831.121611412,200170.207010117
550831.121608407,200170.060335542
550831.15934165,200169.9277975
550831.15933894,200169.795260234
550831.177094617,200169.676859912
550831.1959596,200169.53018495
550831.232582663,200169.382626048
550831.25144794,200169.250088396
550831.288071622,200169.132571276
550831.32580488,200169.000033241
550831.362428259,200168.867495233
550831.399051334,200168.719936334
550831.436784904,200168.602419194
550831.454540311,200168.469881572
550831.454540311,200168.469881572
550831.510028689,200168.189785033
550831.547761656,200168.042226118
550831.584385051,200167.909688117
550831.621008752,200167.792171005
550831.676500127,200167.659632626
550831.731991507,200167.527094248
550831.769724487,200167.37953534
550831.825216173,200167.262017853
550831.825216173,200167.262017853
550831.880705193,200167.011963113
550831.917328302,200166.864404234
550831.917328302,200166.864404234
550832.028310787,200166.584306607
550832.064934204,200166.45176862
550832.064934204,200166.45176862
550832.158158622,200166.172554942
550832.213650024,200166.040016582
550832.250273152,200165.892457711
550832.286896879,200165.77494062
550832.324629892,200165.62738173
550832.380121003,200165.479822484
550832.380121003,200165.479822484
550832.453367296,200165.185588338
550832.508859012,200165.068070876
550832.546592037,200164.920511995
550832.602082882,200164.758815455
550832.657574306,200164.626277109
550832.694197756,200164.493739141
550832.730820909,200164.346180286
550832.786312044,200164.198621061
550832.824045101,200164.051945768
550832.879535945,200163.889365658
550832.93502768,200163.771848211
550832.990518824,200163.624288993
550832.990518824,200163.624288993
550833.10150114,200163.330054141
550833.156992586,200163.197515812
550833.193616059,200163.064977859
550833.249106938,200162.903281344
550833.304598393,200162.770743023
550833.304598393,200162.770743023
550833.396712466,200162.461487677
550833.452204204,200162.343086666
550833.507695392,200162.196411048
550833.545428468,200162.048852193
550833.600919936,200161.916313885
550833.656411698,200161.798796461
550833.674166923,200161.651238002
550833.729658106,200161.503678809
550833.76739121,200161.357003547
550833.804014712,200161.224465609
550833.840638214,200161.091927674
550833.878371602,200160.959389716
550833.914994818,200160.811830898
550833.970486016,200160.664271717
550834.025977233,200160.517596118
550834.062600747,200160.38505819
550834.118092243,200160.252519898
550834.155825353,200160.104961066
550834.192448584,200159.957402255
550834.266808353,200159.83988449
550834.303431879,200159.707346568
550834.358923384,200159.574808286
550834.414414332,200159.413111817
550834.488773821,200159.280573174
550834.544265605,200159.162172201
550834.58088914,200159.029634285
550834.636380386,200158.882958709
550834.691871907,200158.750420435
550834.74736314,200158.602861283
550834.802854664,200158.470323012
550834.802854664,200158.470323012
550834.913837716,200158.205246479
550834.969328959,200158.057687334
550834.969328959,200158.057687334
550835.080311759,200157.778473512
550835.11693503,200157.630914726
550835.154668187,200157.483355923
550835.154668187,200157.483355923
550835.246782459,200157.174100707
550835.302274289,200157.056583338
550835.338897308,200156.894887261
550835.394388575,200156.74732813
550835.449879845,200156.599769001
550835.5053714,200156.467230757
550835.54310486,200156.334692848
550835.54310486,200156.334692848
550835.635219455,200156.04045854
550835.690710738,200155.89289942
550835.727334061,200155.746224238
550835.727334061,200155.746224238
550835.838317201,200155.481147771
550835.876050117,200155.31856811
550835.931541691,200155.186029881
550835.931541691,200155.186029881
550836.023657153,200154.935974662
550836.060279933,200154.759257726
550836.115771237,200154.61169862
550836.153504464,200154.465023434
550836.190128339,200154.346622863
550836.226751689,200154.199947698
550836.282243005,200154.0523886
550836.282243005,200154.0523886
550836.375467824,200153.772291622
550836.393223206,200153.625616809
550836.448714808,200153.493078601
550836.448714808,200153.493078601
550836.523071132,200153.183823802
550836.57856274,200153.051285599
550836.615186635,200152.932885043
550836.652919892,200152.786209868
550836.726169053,200152.623629582
550836.726166359,200152.476955106
550836.781657981,200152.344416908
550836.837149603,200152.211878714
550836.85601488,200152.064320312
550836.930374211,200151.916760895
550836.96699733,200151.755064872
550836.985862888,200151.622527354
550837.041354522,200151.489989168
550837.096845886,200151.342430103
550837.152337268,200151.195754619
550837.15233431,200151.033175689
550837.188957976,200150.900637855
550837.207823547,200150.76810034
550837.263314939,200150.621424864
550837.318806044,200150.458844931
550837.318806044,200150.458844931
550837.336561487,200150.312170144
550837.41091898,200150.061231761
550837.41091898,200150.061231761
550837.50303407,200149.782018467
550837.558525735,200149.649480299
550837.596259559,200149.531079754
550837.61401527,200149.398542269
550837.61401527,200149.398542269
550837.688372014,200149.10430843
550837.74386342,200148.956749393
550837.780487388,200148.839232452
550837.81822097,200148.706694615
550837.81822097,200148.706694615
550837.910336089,200148.426597769
550837.984695501,200148.279921986
550838.002451233,200148.147384507
550838.040184827,200148.01484668
550838.095676251,200147.867287656
550838.132299449,200147.705591672
550838.168923169,200147.573053865
550838.206657021,200147.454653336
550838.262148723,200147.322115198
550838.298772199,200147.1754401
550838.354263638,200147.027881086
550838.409755863,200146.924501127
550838.446379595,200146.791963326
550838.446379595,200146.791963326
550838.539604674,200146.512750083
550838.595096639,200146.394349254
550838.650588359,200146.261811126
550838.668344652,200146.15931542
550838.723836373,200146.026777297
550838.779327834,200145.879218299
550838.798193486,200145.746680823
550838.8348175,200145.629163909
550838.872551381,200145.5107634
550838.872551381,200145.5107634
550838.928040795,200145.245688143
550838.964664044,200145.083992186
550838.964664044,200145.083992186
550839.039021957,200144.848074775
550839.0945137,200144.715536669
550839.150005447,200144.582998561
550839.186629215,200144.450460785
550839.242120965,200144.317922682
550839.278744738,200144.185384906
550839.316478656,200144.067867991
550839.371970151,200143.920309016
550839.427461909,200143.78777092
550839.464085691,200143.655233149
550839.464085691,200143.655233149
550839.575069736,200143.420198715
550839.630561502,200143.287660625
550839.686053271,200143.155122535
550839.741545042,200143.022584449
550839.797037057,200142.904183657
550839.852529089,200142.786666448
550839.889152629,200142.639107815
550839.944644407,200142.506569736
550840.019004423,200142.389052208
550840.055628229,200142.256514457
550840.111120013,200142.123976381
550840.166611799,200141.991438308
550840.166611799,200141.991438308
550840.259837282,200141.726362471
550840.296461097,200141.593824723
550840.315326816,200141.461287281
550840.370818359,200141.313728342
550840.407441939,200141.167053305
550840.426307667,200141.034515866
550840.462931987,200140.93113629
550840.481797717,200140.798598852
550840.518421294,200140.651040241
550840.555045379,200140.533523376
550840.573911369,200140.416006813
550840.592777108,200140.283469378
550840.648268671,200140.135910451
550840.684892257,200139.988351844
550840.721515863,200139.841676821
550840.74038161,200139.709139388
550840.759247359,200139.576601957
550840.795871209,200139.444064229
550840.832494808,200139.296505627
550840.832492098,200139.13481035
550840.851358345,200139.031431087
550840.870223855,200138.883872786
550840.870221153,200138.722177507
550840.870221153,200138.722177507
550840.943468394,200138.427943898
550840.943466186,200138.295406787
550840.981200171,200138.17700634
550841.017823809,200138.03033133
550841.054447682,200137.897793611
550841.073313461,200137.765256189
550841.073313461,200137.765256189
550841.092178993,200137.617697894
550841.128802625,200137.470139307
550841.165426274,200137.323464303
550841.23978368,200137.043367986
550841.276407816,200136.92585115
550841.276407816,200136.92585115
550841.369633214,200136.645754533
550841.406256865,200136.498195952
550841.461748987,200136.38067881
550841.48061479,200136.248141398
550841.517238445,200136.100582824
550841.517238445,200136.100582824
550841.591595661,200135.806349242
550841.64708755,200135.673811233
550841.683711705,200135.556294409
550841.739203597,200135.423756403
550841.775827269,200135.276197838
550841.83131869,200135.114501674
550841.869052722,200134.996101257
550841.869052722,200134.996101257
550841.924542472,200134.731026163
550841.961165925,200134.569330313
550841.997789855,200134.436792624
550842.03552391,200134.319275791
550842.072147843,200134.186738107
550842.127639756,200134.054200116
550842.146505113,200133.89162098
550842.183129052,200133.759083296
550842.219752995,200133.626545616
550842.219752995,200133.626545616
550842.294110767,200133.361470242
550842.349602225,200133.199774103
550842.368468321,200133.082257581
550842.42396025,200132.949719605
550842.479452184,200132.817181629
550842.516076142,200132.684643958
550842.55269986,200132.537085417
550842.590433465,200132.389526862
550842.627057667,200132.272010063
550842.663681872,200132.154493265
550842.701415482,200132.006934711
550842.738039215,200131.859376179
550842.756904627,200131.69768064
550842.812397042,200131.594300835
550842.812394719,200131.447626464
550842.849018222,200131.285047064
550842.885641982,200131.13837212
550842.92337561,200130.990813573
550842.941131618,200130.858276214
550842.959997508,200130.725738839
550843.01548902,200130.56404273
550843.01548902,200130.56404273
550843.089846417,200130.268925669
550843.126470416,200130.136388019
550843.181962394,200130.003850075
550843.181962394,200130.003850075
550843.237452082,200129.724637769
550843.274076089,200129.592100124
550843.311810199,200129.473699749
550843.348434677,200129.371203842
550843.403926668,200129.238665905
550843.440550447,200129.091107397
550843.459416367,200128.958570031
550843.496040839,200128.855190548
550843.533774521,200128.708515605
550843.589266523,200128.575977677
550843.625890548,200128.443440042
550843.662514574,200128.310902406
550843.700248936,200128.207522912
550843.755740944,200128.074984989
550843.755740944,200128.074984989
550843.828988332,200127.765730708
550843.86672202,200127.618172193
550843.903346291,200127.500655435
550843.939970102,200127.353096942
550843.995461909,200127.206421743
550844.033195606,200127.058863234
550844.088687863,200126.941346193
550844.125311914,200126.808808573
550844.161935511,200126.646229221
550844.180800795,200126.469512854
550844.217424639,200126.32283795
550844.272916678,200126.190300048
550844.291782645,200126.057762705
550844.34727446,200125.910203939
550844.34727446,200125.910203939
550844.439390134,200125.615970278
550844.477124301,200125.497569941
550844.494880397,200125.365032616
550844.550372238,200125.218357441
550844.605863843,200125.05577782
550844.643597592,200124.909102913
550844.661353696,200124.776565593
550844.661353696,200124.776565593
550844.772337603,200124.496468962
550844.772337603,200124.496468962
550844.865563419,200124.2163726
550844.883319325,200124.069698003
550844.921053301,200123.93716039
550844.976544932,200123.774580785
550845.013168598,200123.612885045
550845.032034829,200123.495368583
550845.068658934,200123.362830992
550845.105282821,200123.215272537
550845.14301659,200123.06771407
550845.14301659,200123.06771407
550845.216264386,200122.773480748
550845.253998385,200122.640943149
550845.290622282,200122.493384701
550845.327246405,200122.36084712
550845.3827383,200122.214171977
550845.420472309,200122.081634383
550845.475964623,200121.963233812
550845.512588753,200121.830696235
550845.549212238,200121.653979649
550845.604704144,200121.507304514
550845.660196263,200121.374766667
550845.67906251,200121.25636664
550845.73455463,200121.123828796
550845.771178568,200120.977153943
550845.826670475,200120.829595239
550845.864404287,200120.682036791
550845.901028436,200120.54949923
550845.901028436,200120.54949923
550845.975386203,200120.255265941
550846.012009941,200120.093570234
550846.06750208,200119.961032403
550846.086368349,200119.842632384
550846.122992309,200119.695957543
550846.159616259,200119.548399124
550846.178481697,200119.371682817
550846.215105868,200119.239145262
550846.252840342,200119.135765841
550846.270596336,200118.989091276
550846.326088063,200118.826511729
550846.344954146,200118.693974437
550846.344954146,200118.693974437
550846.400444416,200118.428899595
550846.437068188,200118.267203904
550846.474802044,200118.119645481
550846.492557844,200117.957950061
550846.530291919,200117.825412504
550846.548048137,200117.692875231
550846.566914025,200117.545317079
550846.603538028,200117.398642257
550846.603538028,200117.398642257
550846.677896107,200117.118546305
550846.677894239,200116.986009286
550846.714518236,200116.838450886
550846.733383942,200116.67675546
550846.75225006,200116.544218175
550846.770006298,200116.411680909
550846.770006298,200116.411680909
550846.807738137,200116.117448202
550846.84436215,200115.96988981
550846.863228069,200115.822331668
550846.880984529,200115.704815267
550846.899850454,200115.557257126
550846.918716392,200115.410582565
550846.936472441,200115.263024443
550846.955338374,200115.115466302
550846.955338374,200115.115466302
550846.974202681,200114.850392012
550846.991958752,200114.703717469
550847.029692672,200114.556159072
550847.029691052,200114.438642921
550847.066315704,200114.335263545
550847.102940358,200114.231884172
550847.102938342,200114.085209879
550847.140672066,200113.922630626
550847.158428347,200113.790093367
550847.158426532,200113.657556358
550847.196160677,200113.525018828
550847.213916771,200113.378344295
550847.213914758,200113.230786422
550847.213914758,200113.230786422
550847.251646901,200112.950691026
550847.232776928,200112.804016989
550847.269401206,200112.671479482
550847.288267386,200112.538942215
550847.26939741,200112.391384601
550847.307131573,200112.258847079
550847.324888084,200112.141330693
550847.324886093,200111.993772822
550847.343752285,200111.861235559
550847.343750109,200111.699540406
550847.362616697,200111.596161287
550847.380373217,200111.478644902
550847.399239607,200111.360244919
550847.399239607,200111.360244919
550847.435862133,200111.095170415
550847.418102666,200110.992675366
550847.435859382,200110.889296262
550847.418099905,200110.785917634
550847.418098538,200110.683422348
550847.399228983,200110.565022872
550847.399227807,200110.476664867
550847.418094423,200110.374169328
550847.418093249,200110.285811324
550847.418092076,200110.197453319
550847.418090319,200110.064916312
550847.435846848,200109.94651635
550847.435845492,200109.844021062
550847.435844324,200109.755663059
550847.435842958,200109.652284192
550847.435841792,200109.563926186
550847.435840429,200109.460547324
550847.435839079,200109.358052036
550847.435837718,200109.254673171
550847.454704731,200109.181335777
550847.454703756,200109.107115054
550847.473570773,200109.033777661
550847.454701054,200108.901240904
550847.454699317,200108.768703896
550847.454697964,200108.665325031
550847.473564985,200108.591987639
550847.491321926,200108.503629402
550847.491320968,200108.430292261
550847.473561904,200108.356071768
550847.473560567,200108.253576483
550847.454691436,200108.165218724
550847.454690665,200108.10601886
550847.45469009,200108.061839857
550847.454689515,200108.017660855
550847.435820963,200107.973482097
550847.418062292,200107.929303326
550847.399193544,200107.870103708
550847.380325187,200107.84094581
550847.36256671,200107.811787899
550847.343698342,200107.781746422
550847.343698342,200107.781746422
550847.343697769,200107.73756742
550847.362565747,200107.737567175
550847.343697586,200107.72343014
550847.343697586,200107.72343014
550847.380323661,200107.723429665
550847.362565369,200107.708409033
550847.362565369,200107.708409033
550847.380323467,200107.708408803
550847.380323272,200107.693387941
550847.362564991,200107.679250891
550847.362564991,200107.679250891
550847.343696818,200107.664230273
550847.343696818,200107.664230273
550847.324828645,200107.649209658
550847.343696623,200107.649209414
550847.343696623,200107.649209414
550847.343696623,200107.649209414
550847.34369644,200107.635072133
550847.362564418,200107.635071889
550847.34369644,200107.635072133
550847.343696245,200107.620051271
550847.343696245,200107.620051271
550847.343696051,200107.605030409
550847.343696051,200107.605030409
550847.324827889,200107.590893374
550847.324827889,200107.590893374
550847.324827889,200107.590893374
550847.324827889,200107.590893374
550847.324827889,200107.590893374
550847.307069791,200107.590893604
550847.307069596,200107.575872744
550847.307069596,200107.575872744
550847.307069596,200107.575872744
550847.307069596,200107.575872744
550847.307069596,200107.575872744
550847.307069596,200107.575872744
550847.307069596,200107.575872744
550847.307069596,200107.575872744
550847.307069596,200107.575872744
550847.307069596,200107.575872744
550847.307069596,200107.575872744
550847.307069596,200107.575872744
550847.307069596,200107.575872744
550847.307069402,200107.560851884
550847.307069402,200107.560851884
550847.307069402,200107.560851884
550847.307069402,200107.560851884
550847.307069402,200107.560851884
550847.307069402,200107.560851884
550847.307069402,200107.560851884
550847.307069402,200107.560851884
550847.307069402,200107.560851884
550847.307069402,200107.560851884
550847.307069402,200107.560851884
550847.3248275,200107.560851654
550847.3248275,200107.560851654
550847.3248275,200107.560851654
550847.3248275,200107.560851654
550847.3248275,200107.560851654
550847.3248275,200107.560851654
550847.343695673,200107.575872269
550847.343695479,200107.56085141
550847.343695673,200107.575872269
550847.343695673,200107.575872269
550847.343695673,200107.575872269
550847.343695673,200107.575872269
550847.343695673,200107.575872269
550847.343695673,200107.575872269
550847.343695673,200107.575872269
550847.343695868,200107.590893129
550847.343695868,200107.590893129
550847.343695673,200107.575872269
550847.343695673,200107.575872269
550847.343695673,200107.575872269
550847.343695673,200107.575872269
550847.343695673,200107.575872269
550847.343695673,200107.575872269
