550922.17132035,199952.78190703
550922.57087724,199952.84375935
550922.94823600,199952.99396874
550923.27010105,199953.08232776
550923.60306482,199953.18835827
550924.05811537,199953.32089662
550924.59085751,199953.47110683
550925.07920421,199953.65665964
550925.65634136,199953.85104864
550926.33336788,199954.03660245
550926.89940559,199954.34585564
550927.34335648,199954.63743669
550927.84280193,199954.84066086
550928.46433479,199954.95552853
550929.04147207,199955.13224593
550929.59641149,199955.35314176
550930.26233961,199955.46800960
550930.91716901,199955.56520594
550931.47210906,199955.67123744
550932.04591748,199955.70393263
550932.58198949,199955.82145043
550933.11806166,199955.90981038
550933.76623198,199955.96901307
550934.39442383,199956.14573056
550934.96823157,199956.30742703
550935.54203940,199956.45498636
550936.17023102,199956.67588230
550936.87389527,199956.76424303
550937.57644894,199956.98513930
550938.31673836,199957.25021425
550939.09365327,199957.63280419
550939.77733684,199958.28046465
550940.29564749,199959.06154328
550940.81395808,199959.87089606
550941.44214728,199960.62193364
550942.10807284,199961.29963497
550942.71850473,199961.90311607
550943.21794835,199962.55165863
550943.64413978,199963.21433792
550944.05035354,199963.84697567
550944.51317129,199964.48049718
550944.93825300,199965.14317625
550945.23458818,199965.89421169
550945.43769334,199966.66026739
550945.67853506,199967.29290419
550945.93713480,199967.95558239
550946.06698782,199968.76581617
550946.03035863,199969.60520712
550945.97486175,199970.38539884
550945.97485885,199971.21065282
550945.95598785,199972.09422232
550945.82612882,199972.97779147
550945.60414979,199973.84633966
550945.32667669,199974.74492911
550945.10469776,199975.64263521
550944.95708126,199976.43784748
550944.77172883,199977.24808037
550944.43876216,199978.10249138
550944.10579554,199978.97103958
550943.88381728,199979.78127252
550943.71733319,199980.57648494
550943.45872904,199981.37169718
550943.07026892,199982.13686783
550942.75617098,199982.87376446
550942.47869918,199983.60977764
550942.20122745,199984.34579088
550941.84939373,199985.08268760
550941.62741620,199985.81870103
550941.42430663,199986.59889304
550941.20232911,199987.40912644
550940.86936360,199988.18931834
550940.48090407,199988.98453093
550940.20343277,199989.75058591
550939.99921368,199990.54579884
550939.74061044,199991.38519026
550939.44427133,199992.20956101
550939.18566832,199992.97561621
550939.00031756,199993.71163011
550938.74171469,199994.47768540
550938.48311189,199995.22872004
550938.20564119,199995.96473401
550937.98366462,199996.71576876
550937.79831418,199997.49684495
550937.53971165,199998.24787977
550937.20674717,199998.93971540
550937.00252896,199999.63155109
550936.79942069,200000.39760674
550936.54081844,200001.19282027
550936.22561233,200002.01719169
550936.02250431,200002.87160453
550935.87489044,200003.71099669
550935.70840869,200004.57954672
550935.44869695,200005.36062335
550935.15346911,200006.18499502
550934.89375755,200006.99522959
550934.72727612,200007.84875909
550934.48754257,200008.64397302
550934.19120518,200009.46922848
550933.96922998,200010.35279957
550933.69176080,200011.22135009
550933.39542375,200012.10492139
550933.13682274,200012.97347200
550932.84048588,200013.85704342
550932.65624730,200014.84399252
550932.41540487,200015.81592106
550932.11906851,200016.80287048
550931.89709420,200017.73062055
550931.73061418,200018.71668623
550931.47201420,200019.73279359
550931.12018404,200020.63138628
550930.76946408,200021.61833616
550930.45426036,200022.57524461
550930.17679266,200023.51801589
550929.89932499,200024.43074580
550929.58523125,200025.31431803
550929.28889580,200026.22704813
550928.91930824,200027.12564140
550928.54972097,200028.08255045
550928.27225390,200029.02532213
550928.01254483,200029.90889451
550927.73507803,200030.86580345
550927.38435906,200031.79355487
550927.06915663,200032.78050554
550926.88492024,200033.75243502
550926.79169404,200034.68018559
550926.77393987,200035.60793585
550926.84719618,200036.56484358
550926.95818851,200037.50761398
550927.06918074,200038.40620577
550927.19904104,200039.30391388
550927.38439586,200040.27584170
550927.53201499,200041.27781110
550927.69850235,200042.30805465
550927.82836339,200043.26584549
550928.06810301,200044.26693072
550928.40107237,200045.19467896
550928.78953517,200045.98989110
550929.30785423,200046.80012315
550929.75181014,200047.40359984
550930.43660922,200047.81622369
550931.19465903,200047.97791284
550932.00820274,200048.11044380
550932.84061452,200048.25799533
550933.69189471,200048.47888310
550934.61642750,200048.77310677
550935.43108163,200048.99399466
550936.24462597,200049.22990321
550937.04041231,200049.47994895
550937.90945099,200049.76003560
550938.81622582,200050.06927978
550939.68526408,200050.27514641
550940.57317032,200050.48101287
550941.46107712,200050.77611987
550942.34898383,200051.05532255
550943.20026457,200051.35042965
550944.10592912,200051.58545361
550945.04933003,200051.88056002
550946.01159901,200052.18980335
550946.91837357,200052.43984781
550947.86177450,200052.73407046
550948.73081331,200053.01415640
550949.67421483,200053.39673583
550950.63648407,200053.73602016
550951.57988477,200053.98606408
550952.54104338,200054.20695004
550953.48444419,200054.47201452
550954.41008740,200054.81041525
550955.33462083,200055.16383657
550956.29689025,200055.51725757
550957.27691769,200055.85654127
550958.25694474,200056.13574225
550959.18258742,200056.38666935
550960.14374611,200056.60755484
550961.01389524,200056.93093478
550961.90180291,200057.31439715
550962.86296244,200057.65279698
550963.86185795,200057.99119646
550964.86075338,200058.31545878
550965.87851659,200058.60967959
550966.87741225,200058.96309948
550967.80194578,200059.30238274
550968.72758952,200059.68496070
550969.65212329,200060.05340151
550970.55889876,200060.39180110
550971.50230033,200060.73020034
550972.44570138,200060.99526347
550973.37023468,200061.29036794
550974.27700976,200061.56956828
550975.22041095,200061.84965185
550976.12607662,200062.18805102
550976.99622645,200062.57151227
550977.84639753,200062.83657571
550978.77204010,200063.04243961
550979.69657269,200063.23416641
550980.58447987,200063.51336647
550981.45351886,200063.76429251
550982.37915875,200063.61672993
550983.30368674,200063.20409771
550984.08060054,200062.79235027
550984.87638266,200062.42389747
550985.72654790,200061.90877249
550986.57782337,200061.43694230
550987.50235137,200061.01017350
550988.44574769,200060.62758290
550989.31589133,200060.17077347
550990.22155110,200059.69982683
550991.05395756,200059.06630491
550991.83086981,200058.40362587
550992.55228784,200057.71178970
550993.25594772,200057.00493318
550993.92187120,200056.22385763
550994.56892618,200055.35530944
550995.08723512,200054.50089927
550995.38245742,200053.55901778
550995.65992155,200052.58709528
550996.01174774,200051.60015179
550996.28921192,200050.59907181
550996.64103852,200049.64128610
550997.01062317,200048.65522632
550997.32471378,200047.65326278
550997.67654048,200046.65218268
550998.00949964,200045.70941799
550998.34245852,200044.69331756
550998.60105601,200043.78059459
550998.93401527,200042.79365193
550999.30471061,200041.80759271
550999.63767018,200040.83567079
550999.95176173,200039.83370787
551000.15486535,200038.84764969
551000.45119952,200037.94906395
551000.74753345,200036.97714249
551001.09825169,200036.00522085
551001.45007973,200034.98912111
551001.80190802,200034.00217906
551002.13486803,200032.91274379
551002.39346688,200032.01415862
551002.63430755,200031.07227896
551002.92953214,200030.02613866
551003.26249294,200029.01003946
551003.44783989,200028.06816018
551003.44783733,200027.30211066
551003.68867882,200026.44770404
551004.02164028,200025.50582440
551004.39122793,200024.56306117
551004.70532179,200023.67949693
551005.07601920,200022.61921993
551005.48223292,200021.54392237
551005.77856838,200020.41031001
551006.11153070,200019.54176660
551006.48111912,200018.64318203
551006.88844355,200017.71543987
551007.20253793,200016.72849927
551007.51774225,200015.71240116
551007.79521088,200014.78465950
551008.10930576,200013.88695898
551008.40564258,200012.95921741
551008.81185774,200012.01645518
551009.20031481,200011.00035736
551009.53327797,200010.01341726
551009.92173530,200009.01234018
551010.25469868,200008.01126325
551010.64315622,200006.96512466
551011.06934984,200005.90484913
551011.40231358,200004.87461489
551011.66091541,200003.87265478
551011.91951738,200002.93077698
551012.16036137,200002.03219381
551012.27134932,200001.01609689
551012.14149314,199999.98497944
551011.77190269,199999.10141687
551011.23583013,199998.23287475
551010.58765960,199997.52602446
551009.88510500,199996.64246148
551009.27467065,199995.77391898
551008.62761029,199994.93453389
551007.83182578,199994.27186116
551006.94392123,199993.54998952
551006.00052254,199992.97567272
551005.03825584,199992.47469152
551004.09485716,199991.97459379
551003.04047021,199991.63530439
551001.98608323,199991.34107665
551000.96943218,199991.09102706
550999.89617726,199990.78177856
550998.86065833,199990.45750945
550997.84289751,199990.13324027
550996.75188449,199989.85403270
550995.62313563,199989.48558502
550994.53212271,199989.14717847
550993.38450588,199988.79375116
550992.29349303,199988.42530323
550992.60758995,199988.07187783
550991.44221485,199987.86600557
550990.37006987,199987.60093456
550989.26018901,199987.29168516
550988.15030826,199986.92323683
550987.13254762,199986.58482976
550986.05929286,199986.28971721
550984.89391794,199986.01050861
550983.82177307,199985.73041653
550982.78514435,199985.48036567
550981.78625169,199985.18525296
550980.76960115,199984.77350945
550979.67747865,199984.39003982
550978.58646599,199984.03661133
550977.47658546,199983.63900440
550976.34783702,199983.21223963
550975.18246243,199982.82965300
550974.03595591,199982.41702504
550972.87058175,199981.85772485
550971.85282141,199981.48927526
550970.63195284,199981.10668805
550969.48544635,199980.72321734
550968.33893994,199980.31147237
550967.26568572,199979.89884390
550966.19243141,199979.53039369
550965.08255096,199979.19198458
550963.91717647,199978.85357525
550962.78953799,199978.50014527
550961.64192167,199978.14671514
550960.55090931,199977.79328506
550959.42216132,199977.32145666
550958.31228155,199976.77717558
550957.35112629,199976.09947597
550956.48098166,199975.31928252
550955.63081505,199974.50904765
550954.81616482,199973.66965495
550954.09474465,199972.84528306
550953.37332461,199972.00589036
550952.70739918,199971.03396238
550952.06034169,199970.10621276
550951.32005412,199969.22264110
550950.70962314,199968.23569219
550950.09919233,199967.23460604
550949.56312352,199966.27681493
550949.02705487,199965.30488659
550948.45325031,199964.34797863
550947.91718216,199963.31685089
550947.50986102,199962.13905108
550947.14027609,199960.94623064
550946.78844999,199959.63589545
550946.47436030,199958.28049829
550946.04817212,199957.05851945
550945.54873205,199955.82151941
550945.06815950,199954.70203409
550944.90168332,199953.61259177
550944.90168881,199952.64066512
550945.04930776,199951.81629546
550945.19803597,199951.10944060
550945.32678683,199950.32836580
550945.42001978,199949.84240307
550945.51214126,199949.62151122
550945.56763541,199949.60737444
550945.56763568,199949.56319596
550945.58650321,199949.63653236
550945.58650331,199949.62151167
550945.58650339,199949.60737456
550945.58650331,199949.62151167
550945.58650339,199949.60737456
550945.58650339,199949.60737456
550945.56763541,199949.60737444
550945.56763541,199949.60737444
550945.56763541,199949.60737444
550945.54876743,199949.60737433
550945.54876743,199949.60737433
550945.53100915,199949.63653202
550945.53100960,199949.56319574
550945.53100915,199949.63653202
550945.54876689,199949.69573129
550945.60426149,199949.60737467
550945.60426149,199949.60737467
550945.54876788,199949.53315448